5.0
5.0
3.0
6.0
5.0
5.0
5.0
5.0
6.0
3.0
7.0
4.0
3.0
5.0
4.0
5.0
5.0
3.0
5.0
5.0
1.0
8.0
8.0
5.0
5.0
7.0
6.0
6.0
5.0
6.0
4.0
5.0
7.0
6.0
4.0
3.0
3.0
5.0
5.0
9.0
8.0
3.0
5.0
2.0
1.0
5.0
5.0
5.0
5.0
5.0
7.0
5.0
3.0
4.0
7.0
6.0
0.0
4.0
9.0
4.0
7.0
6.0
5.0
5.0
8.0
9.0
4.0
8.0
8.0
3.0
4.0
4.0
5.0
7.0
5.0
9.0
7.0
7.0
5.0
5.0
5.0
5.0
5.0
6.0
5.0
5.0
2.0
4.0
1.0
1.0
0.0
6.0
7.0
2.0
4.0
4.0
5.0
6.0
5.0
1.0
6.0
4.0
5.0
7.0
5.0
7.0
3.0
6.0
7.0
7.0
3.0
8.0
7.0
8.0
7.0
4.0
4.0
6.0
8.0
5.0
6.0
5.0
4.0
5.0
0.0
4.0
5.0
4.0
8.0
8.0
3.0
5.0
6.0
8.0
10.0
22.0
32.0
71.0
111.0
266.0
442.0
824.0
1396.0
2149.0
3301.0
4814.0
6619.0
8875.0
11162.0
13729.0
16127.0
18474.0
20141.0
21807.0
23095.0
23904.0
24479.0
24475.0
24581.0
24328.0
23966.0
23623.0
23130.0
23279.0
22778.0
22486.0
22566.0
22144.0
21790.0
21359.0
21457.0
21177.0
20933.0
20702.0
20480.0
20169.0
20064.0
19719.0
19864.0
19682.0
19463.0
19014.0
19022.0
18823.0
18501.0
18456.0
18542.0
18282.0
17970.0
18071.0
17684.0
17573.0
17326.0
17093.0
17028.0
17159.0
16892.0
16816.0
16753.0
16519.0
16508.0
16087.0
16155.0
15895.0
16163.0
15685.0
15663.0
15474.0
15451.0
15486.0
15635.0
15365.0
15075.0
14905.0
14932.0
14813.0
14863.0
14610.0
14312.0
14474.0
14387.0
14155.0
14132.0
14096.0
13800.0
13971.0
13912.0
13798.0
13717.0
13487.0
13324.0
13419.0
13401.0
13206.0
12959.0
13256.0
13074.0
12878.0
12758.0
12894.0
12698.0
12911.0
12596.0
12656.0
12365.0
12368.0
12599.0
12536.0
12330.0
12054.0
12195.0
11995.0
11967.0
11880.0
12008.0
11855.0
11615.0
11550.0
11532.0
11427.0
11367.0
11241.0
11609.0
11075.0
11140.0
11215.0
11161.0
11025.0
10929.0
10898.0
10635.0
10773.0
10866.0
10572.0
10691.0
10450.0
10555.0
10415.0
10666.0
10480.0
10089.0
10308.0
10255.0
10211.0
10047.0
10037.0
9889.0
10084.0
10173.0
9937.0
9811.0
9821.0
9658.0
9770.0
9535.0
9587.0
9608.0
9495.0
9422.0
9429.0
9309.0
9349.0
9232.0
9305.0
9210.0
9000.0
9157.0
9018.0
9038.0
8917.0
9004.0
9057.0
8881.0
8801.0
8721.0
8792.0
8852.0
8591.0
8616.0
8640.0
8364.0
8550.0
8573.0
8379.0
8436.0
8271.0
8325.0
8378.0
8199.0
8370.0
8213.0
8036.0
8152.0
8177.0
7987.0
7806.0
7942.0
7938.0
7998.0
7934.0
7994.0
7807.0
8037.0
7700.0
7623.0
7675.0
7684.0
7498.0
7530.0
7519.0
7334.0
7380.0
7502.0
7504.0
7393.0
7365.0
7418.0
7420.0
7130.0
7365.0
7226.0
7355.0
7233.0
7159.0
7118.0
7214.0
7043.0
6910.0
7010.0
6937.0
6955.0
6866.0
6966.0
6891.0
6852.0
6864.0
6757.0
6718.0
6696.0
6682.0
6771.0
6686.0
6619.0
6661.0
6627.0
6528.0
6462.0
6446.0
6417.0
6430.0
6583.0
6451.0
6325.0
6276.0
6460.0
6430.0
6204.0
6384.0
6266.0
6243.0
6235.0
6062.0
6031.0
6246.0
6130.0
6036.0
6090.0
6101.0
6049.0
5939.0
5933.0
5940.0
5844.0
5745.0
5934.0
5879.0
5873.0
5777.0
5684.0
5883.0
5669.0
5640.0
5647.0
5692.0
5778.0
5589.0
5453.0
5530.0
5444.0
5579.0
5485.0
5443.0
5516.0
5615.0
5416.0
5455.0
5409.0
5240.0
5333.0
5304.0
5382.0
5292.0
5268.0
5278.0
5203.0
5046.0
5335.0
5080.0
5171.0
5134.0
5068.0
5194.0
5152.0
5031.0
5160.0
5134.0
5012.0
4964.0
4930.0
4925.0
4898.0
5038.0
5091.0
4972.0
4864.0
4843.0
4917.0
4774.0
4812.0
4877.0
4729.0
4763.0
4771.0
4734.0
4658.0
4588.0
4695.0
4695.0
4720.0
4755.0
4741.0
4590.0
4576.0
4525.0
4561.0
4480.0
4504.0
4581.0
4656.0
4469.0
4481.0
4370.0
4488.0
4350.0
4301.0
4406.0
4388.0
4340.0
4363.0
4335.0
4288.0
4268.0
4288.0
4224.0
4186.0
4267.0
4258.0
4286.0
4133.0
4180.0
4163.0
4076.0
4058.0
4165.0
4044.0
4073.0
4100.0
4117.0
4075.0
4087.0
4041.0
3918.0
3968.0
4130.0
3978.0
3922.0
3914.0
3924.0
4053.0
3903.0
3772.0
3833.0
3924.0
3938.0
3721.0
3808.0
3681.0
3880.0
3788.0
3857.0
3801.0
3654.0
3695.0
3731.0
3725.0
3676.0
3761.0
3653.0
3602.0
3715.0
3596.0
3665.0
3618.0
3366.0
3614.0
3605.0
3624.0
3628.0
3539.0
3530.0
3541.0
3515.0
3476.0
3487.0
3532.0
3361.0
3389.0
3442.0
3482.0
3476.0
3334.0
3400.0
3444.0
3325.0
3432.0
3457.0
3409.0
3400.0
3282.0
3379.0
3313.0
3331.0
3372.0
3287.0
3279.0
3350.0
3180.0
3153.0
3159.0
3174.0
3149.0
3201.0
3214.0
3193.0
3173.0
3110.0
3100.0
3124.0
3144.0
3104.0
3134.0
2990.0
3020.0
3057.0
3018.0
3003.0
3124.0
2992.0
3042.0
3079.0
3028.0
2947.0
3007.0
2954.0
2936.0
2905.0
2880.0
2885.0
2967.0
2860.0
2916.0
2961.0
2970.0
2931.0
2801.0
2774.0
2790.0
2916.0
2826.0
2845.0
2856.0
2683.0
2801.0
2757.0
2813.0
2864.0
2817.0
2749.0
2737.0
2764.0
2803.0
2715.0
2687.0
2733.0
2732.0
2730.0
2658.0
2695.0
2761.0
2651.0
2730.0
2593.0
2527.0
2537.0
2595.0
2575.0
2526.0
2585.0
2581.0
2525.0
2398.0
2564.0
2437.0
2540.0
2566.0
2505.0
2425.0
2532.0
2539.0
2518.0
2552.0
2560.0
2498.0
2501.0
2454.0
2496.0
2453.0
2419.0
2370.0
2465.0
2419.0
2350.0
2264.0
2404.0
2334.0
2336.0
2387.0
2351.0
2398.0
2408.0
2269.0
2264.0
2277.0
2255.0
2356.0
2212.0
2286.0
2224.0
2201.0
2205.0
2299.0
2278.0
2218.0
2236.0
2177.0
2222.0
2132.0
2213.0
2134.0
2197.0
2217.0
2143.0
2181.0
2188.0
2117.0
2160.0
2188.0
2130.0
2103.0
2052.0
2136.0
2061.0
2100.0
2100.0
2031.0
2115.0
2074.0
2053.0
2116.0
2133.0
2055.0
2087.0
1966.0
2030.0
1931.0
1963.0
2012.0
1971.0
1963.0
2017.0
1990.0
1987.0
2047.0
1937.0
2033.0
1953.0
1952.0
1912.0
1924.0
1956.0
1948.0
1841.0
1879.0
1937.0
1927.0
1952.0
1926.0
1925.0
1813.0
1859.0
1880.0
1881.0
1815.0
1890.0
1827.0
1884.0
1882.0
1820.0
1862.0
1835.0
1864.0
1785.0
1818.0
1774.0
1740.0
1790.0
1805.0
1838.0
1757.0
1714.0
1794.0
1736.0
1673.0
1777.0
1730.0
1760.0
1760.0
1730.0
1728.0
1698.0
1684.0
1733.0
1720.0
1639.0
1720.0
1706.0
1645.0
1704.0
1626.0
1637.0
1645.0
1573.0
1666.0
1724.0
1687.0
1657.0
1610.0
1660.0
1562.0
1691.0
1638.0
1563.0
1584.0
1601.0
1654.0
1616.0
1585.0
1564.0
1558.0
1556.0
1564.0
1554.0
1555.0
1590.0
1621.0
1534.0
1602.0
1509.0
1601.0
1497.0
1524.0
1483.0
1567.0
1450.0
1494.0
1493.0
1480.0
1442.0
1498.0
1504.0
1547.0
1490.0
1423.0
1420.0
1476.0
1466.0
1434.0
1464.0
1404.0
1378.0
1436.0
1479.0
1417.0
1394.0
1377.0
1351.0
1388.0
1410.0
1376.0
1416.0
1380.0
1410.0
1390.0
1397.0
1304.0
1357.0
1334.0
1377.0
1381.0
1382.0
1364.0
1331.0
1348.0
1335.0
1349.0
1393.0
1356.0
1358.0
1312.0
1359.0
1306.0
1314.0
1304.0
1277.0
1282.0
1252.0
1312.0
1263.0
1229.0
1233.0
1235.0
1264.0
1230.0
1238.0
1192.0
1231.0
1196.0
1264.0
1281.0
1252.0
1228.0
1165.0
1244.0
1219.0
1336.0
1181.0
1173.0
1198.0
1254.0
1181.0
1193.0
1163.0
1195.0
1157.0
1189.0
1164.0
1138.0
1195.0
1175.0
1189.0
1168.0
1144.0
1178.0
1133.0
1193.0
1137.0
1156.0
1150.0
1174.0
1152.0
1163.0
1131.0
1183.0
1102.0
1143.0
1109.0
1104.0
1065.0
1115.0
1067.0
1097.0
1118.0
1089.0
1103.0
1055.0
1078.0
1091.0
1134.0
1144.0
1089.0
1096.0
1061.0
1103.0
1114.0
1083.0
1100.0
1029.0
1003.0
1031.0
1052.0
988.0
1000.0
981.0
1069.0
1064.0
1042.0
1003.0
1032.0
1034.0
958.0
979.0
973.0
985.0
999.0
1018.0
976.0
872.0
923.0
990.0
971.0
994.0
938.0
958.0
972.0
1013.0
922.0
953.0
944.0
950.0
1009.0
952.0
955.0
892.0
951.0
961.0
978.0
896.0
874.0
916.0
903.0
862.0
921.0
922.0
903.0
965.0
916.0
808.0
917.0
898.0
903.0
856.0
911.0
859.0
905.0
896.0
872.0
955.0
887.0
882.0
898.0
843.0
849.0
904.0
895.0
819.0
883.0
892.0
903.0
884.0
799.0
830.0
837.0
824.0
827.0
824.0
887.0
827.0
767.0
811.0
833.0
798.0
803.0
825.0
757.0
804.0
751.0
794.0
826.0
751.0
806.0
761.0
792.0
838.0
775.0
787.0
752.0
852.0
764.0
768.0
771.0
802.0
779.0
776.0
810.0
766.0
819.0
742.0
819.0
745.0
766.0
743.0
731.0
760.0
730.0
756.0
677.0
722.0
709.0
716.0
759.0
753.0
704.0
711.0
717.0
707.0
746.0
697.0
736.0
739.0
738.0
690.0
691.0
701.0
684.0
707.0
668.0
678.0
704.0
702.0
690.0
692.0
674.0
657.0
718.0
733.0
678.0
685.0
669.0
675.0
666.0
679.0
685.0
684.0
698.0
633.0
629.0
677.0
687.0
628.0
652.0
647.0
657.0
649.0
630.0
600.0
623.0
650.0
669.0
670.0
654.0
633.0
621.0
633.0
595.0
628.0
610.0
615.0
617.0
584.0
631.0
574.0
605.0
600.0
597.0
616.0
609.0
587.0
611.0
619.0
621.0
638.0
594.0
588.0
579.0
579.0
613.0
645.0
606.0
584.0
547.0
612.0
568.0
590.0
577.0
592.0
558.0
552.0
562.0
590.0
547.0
524.0
598.0
596.0
603.0
567.0
607.0
574.0
552.0
575.0
597.0
577.0
523.0
553.0
526.0
548.0
560.0
560.0
513.0
533.0
518.0
559.0
516.0
558.0
550.0
526.0
537.0
540.0
463.0
511.0
549.0
501.0
474.0
515.0
523.0
501.0
502.0
508.0
497.0
542.0
518.0
473.0
513.0
500.0
479.0
503.0
466.0
443.0
452.0
511.0
499.0
502.0
527.0
489.0
543.0
525.0
476.0
477.0
486.0
468.0
487.0
486.0
427.0
456.0
449.0
465.0
470.0
466.0
454.0
467.0
473.0
450.0
460.0
477.0
420.0
466.0
482.0
447.0
456.0
471.0
407.0
444.0
443.0
443.0
454.0
477.0
458.0
445.0
444.0
413.0
431.0
431.0
420.0
416.0
443.0
419.0
394.0
411.0
416.0
409.0
390.0
450.0
449.0
438.0
405.0
413.0
397.0
424.0
426.0
436.0
398.0
394.0
379.0
397.0
406.0
394.0
433.0
406.0
399.0
411.0
415.0
417.0
408.0
407.0
403.0
384.0
381.0
405.0
408.0
359.0
396.0
352.0
368.0
395.0
423.0
353.0
373.0
347.0
381.0
382.0
389.0
368.0
351.0
349.0
372.0
335.0
344.0
405.0
358.0
345.0
370.0
368.0
344.0
360.0
335.0
379.0
335.0
381.0
374.0
402.0
377.0
391.0
347.0
332.0
364.0
330.0
346.0
370.0
349.0
327.0
385.0
360.0
371.0
333.0
343.0
354.0
342.0
304.0
346.0
309.0
323.0
340.0
308.0
341.0
322.0
365.0
326.0
332.0
312.0
316.0
353.0
371.0
380.0
329.0
297.0
322.0
326.0
314.0
320.0
326.0
343.0
337.0
296.0
321.0
319.0
306.0
303.0
319.0
317.0
293.0
327.0
291.0
307.0
297.0
328.0
314.0
298.0
325.0
297.0
299.0
269.0
297.0
284.0
318.0
297.0
306.0
294.0
300.0
307.0
297.0
287.0
280.0
292.0
322.0
278.0
285.0
292.0
302.0
310.0
255.0
298.0
294.0
271.0
266.0
300.0
291.0
308.0
276.0
281.0
301.0
268.0
300.0
254.0
281.0
260.0
279.0
275.0
302.0
256.0
270.0
306.0
283.0
282.0
279.0
289.0
297.0
271.0
267.0
264.0
244.0
250.0
264.0
252.0
236.0
239.0
261.0
269.0
251.0
229.0
260.0
284.0
277.0
260.0
242.0
269.0
247.0
267.0
255.0
268.0
268.0
253.0
274.0
224.0
247.0
246.0
244.0
261.0
246.0
256.0
254.0
257.0
212.0
252.0
244.0
213.0
238.0
245.0
249.0
235.0
244.0
273.0
239.0
243.0
217.0
256.0
227.0
221.0
249.0
238.0
219.0
194.0
251.0
218.0
218.0
221.0
201.0
228.0
220.0
203.0
213.0
215.0
225.0
200.0
213.0
227.0
223.0
224.0
222.0
222.0
235.0
233.0
228.0
196.0
235.0
206.0
212.0
203.0
212.0
204.0
211.0
230.0
226.0
202.0
211.0
217.0
200.0
214.0
222.0
205.0
208.0
216.0
220.0
227.0
190.0
214.0
205.0
189.0
192.0
229.0
199.0
202.0
215.0
178.0
221.0
193.0
191.0
222.0
174.0
206.0
186.0
181.0
182.0
183.0
195.0
233.0
195.0
185.0
188.0
201.0
180.0
197.0
178.0
185.0
201.0
196.0
189.0
178.0
193.0
178.0
198.0
185.0
189.0
194.0
185.0
207.0
180.0
187.0
203.0
196.0
165.0
166.0
176.0
181.0
180.0
180.0
191.0
193.0
192.0
171.0
200.0
161.0
164.0
176.0
161.0
192.0
185.0
183.0
187.0
184.0
169.0
198.0
152.0
159.0
182.0
179.0
178.0
170.0
180.0
168.0
154.0
168.0
166.0
162.0
156.0
194.0
153.0
155.0
166.0
167.0
199.0
163.0
174.0
159.0
172.0
178.0
173.0
162.0
161.0
167.0
148.0
166.0
143.0
153.0
160.0
178.0
148.0
152.0
143.0
167.0
173.0
148.0
147.0
149.0
150.0
157.0
149.0
158.0
152.0
159.0
143.0
151.0
151.0
130.0
132.0
140.0
155.0
142.0
137.0
149.0
156.0
152.0
132.0
136.0
158.0
142.0
130.0
163.0
145.0
128.0
146.0
164.0
168.0
139.0
149.0
141.0
147.0
131.0
125.0
141.0
137.0
140.0
163.0
150.0
143.0
126.0
143.0
133.0
137.0
132.0
117.0
136.0
116.0
130.0
155.0
139.0
130.0
124.0
152.0
138.0
152.0
119.0
136.0
124.0
136.0
139.0
115.0
131.0
131.0
152.0
146.0
118.0
139.0
119.0
137.0
123.0
126.0
133.0
119.0
126.0
111.0
125.0
132.0
118.0
96.0
109.0
129.0
131.0
126.0
135.0
102.0
125.0
122.0
103.0
116.0
106.0
122.0
111.0
115.0
120.0
124.0
132.0
116.0
110.0
116.0
130.0
106.0
119.0
120.0
117.0
104.0
129.0
121.0
119.0
121.0
107.0
135.0
131.0
132.0
109.0
103.0
119.0
102.0
135.0
124.0
84.0
119.0
104.0
112.0
118.0
104.0
117.0
107.0
105.0
101.0
109.0
105.0
104.0
116.0
125.0
106.0
93.0
105.0
116.0
106.0
104.0
90.0
114.0
87.0
111.0
101.0
105.0
109.0
97.0
117.0
95.0
109.0
105.0
98.0
112.0
103.0
95.0
101.0
95.0
92.0
106.0
94.0
86.0
101.0
105.0
102.0
90.0
99.0
100.0
111.0
98.0
91.0
89.0
80.0
81.0
97.0
92.0
114.0
95.0
86.0
101.0
104.0
88.0
84.0
106.0
89.0
79.0
97.0
82.0
85.0
90.0
86.0
96.0
86.0
95.0
84.0
74.0
106.0
110.0
75.0
90.0
93.0
94.0
100.0
99.0
89.0
96.0
91.0
90.0
87.0
94.0
80.0
97.0
86.0
97.0
87.0
78.0
92.0
98.0
109.0
93.0
98.0
96.0
96.0
90.0
96.0
71.0
77.0
89.0
84.0
76.0
93.0
81.0
99.0
96.0
95.0
79.0
69.0
66.0
94.0
79.0
79.0
64.0
78.0
96.0
76.0
84.0
59.0
72.0
86.0
92.0
77.0
71.0
77.0
93.0
94.0
71.0
65.0
71.0
78.0
85.0
80.0
85.0
73.0
76.0
83.0
77.0
65.0
83.0
76.0
53.0
69.0
76.0
81.0
73.0
85.0
66.0
75.0
71.0
65.0
71.0
77.0
92.0
80.0
59.0
75.0
56.0
73.0
87.0
75.0
90.0
69.0
61.0
67.0
75.0
71.0
68.0
79.0
74.0
64.0
71.0
70.0
74.0
54.0
70.0
68.0
56.0
76.0
64.0
59.0
69.0
71.0
61.0
68.0
67.0
65.0
57.0
62.0
73.0
62.0
84.0
73.0
64.0
71.0
54.0
76.0
73.0
73.0
60.0
75.0
79.0
65.0
57.0
66.0
73.0
63.0
46.0
66.0
59.0
58.0
73.0
54.0
68.0
43.0
63.0
62.0
65.0
63.0
67.0
73.0
42.0
61.0
63.0
66.0
65.0
59.0
60.0
63.0
73.0
67.0
65.0
58.0
58.0
57.0
56.0
61.0
56.0
64.0
53.0
57.0
72.0
54.0
58.0
65.0
73.0
64.0
62.0
62.0
61.0
53.0
62.0
55.0
68.0
57.0
59.0
68.0
65.0
58.0
57.0
49.0
54.0
58.0
70.0
55.0
69.0
59.0
56.0
56.0
50.0
55.0
55.0
56.0
46.0
59.0
56.0
48.0
47.0
55.0
54.0
46.0
58.0
59.0
61.0
45.0
56.0
48.0
54.0
45.0
60.0
50.0
52.0
46.0
46.0
58.0
53.0
38.0
65.0
52.0
48.0
49.0
47.0
51.0
42.0
51.0
58.0
39.0
62.0
38.0
51.0
49.0
53.0
46.0
60.0
56.0
53.0
36.0
50.0
60.0
47.0
47.0
46.0
47.0
49.0
54.0
43.0
53.0
50.0
43.0
48.0
52.0
42.0
42.0
42.0
42.0
47.0
50.0
40.0
36.0
43.0
44.0
53.0
46.0
54.0
55.0
48.0
50.0
50.0
34.0
31.0
52.0
44.0
48.0
54.0
40.0
48.0
48.0
40.0
29.0
46.0
39.0
32.0
52.0
34.0
39.0
46.0
44.0
56.0
38.0
37.0
40.0
41.0
35.0
47.0
42.0
52.0
45.0
43.0
55.0
52.0
34.0
43.0
43.0
46.0
37.0
48.0
43.0
36.0
48.0
40.0
44.0
54.0
37.0
36.0
45.0
35.0
49.0
48.0
44.0
37.0
32.0
48.0
42.0
47.0
44.0
52.0
40.0
41.0
49.0
49.0
53.0
47.0
40.0
40.0
39.0
36.0
21.0
42.0
35.0
35.0
46.0
34.0
40.0
45.0
42.0
43.0
40.0
46.0
27.0
39.0
40.0
44.0
42.0
40.0
40.0
44.0
30.0
37.0
39.0
34.0
45.0
29.0
31.0
35.0
38.0
36.0
29.0
37.0
35.0
35.0
36.0
44.0
33.0
33.0
37.0
38.0
36.0
39.0
33.0
34.0
30.0
38.0
35.0
37.0
34.0
36.0
42.0
32.0
28.0
32.0
39.0
33.0
32.0
40.0
32.0
32.0
34.0
43.0
29.0
27.0
32.0
32.0
41.0
32.0
20.0
28.0
33.0
31.0
25.0
26.0
30.0
25.0
33.0
40.0
33.0
26.0
43.0
29.0
31.0
36.0
36.0
27.0
37.0
32.0
31.0
35.0
39.0
28.0
34.0
39.0
31.0
29.0
26.0
33.0
37.0
39.0
31.0
28.0
30.0
34.0
26.0
26.0
34.0
31.0
33.0
36.0
26.0
30.0
29.0
30.0
28.0
42.0
39.0
39.0
30.0
29.0
33.0
30.0
31.0
29.0
33.0
29.0
27.0
32.0
29.0
28.0
34.0
29.0
43.0
37.0
31.0
37.0
29.0
28.0
24.0
27.0
31.0
30.0
30.0
29.0
28.0
30.0
27.0
29.0
16.0
27.0
26.0
29.0
28.0
36.0
23.0
27.0
31.0
27.0
27.0
40.0
27.0
25.0
22.0
30.0
21.0
27.0
27.0
28.0
15.0
30.0
27.0
27.0
23.0
17.0
22.0
21.0
34.0
29.0
29.0
28.0
25.0
29.0
22.0
26.0
27.0
16.0
27.0
26.0
26.0
27.0
29.0
27.0
21.0
21.0
20.0
22.0
25.0
21.0
29.0
22.0
33.0
18.0
26.0
26.0
32.0
19.0
28.0
28.0
25.0
26.0
20.0
32.0
21.0
28.0
31.0
23.0
24.0
27.0
22.0
21.0
19.0
16.0
25.0
17.0
24.0
16.0
24.0
30.0
23.0
25.0
21.0
23.0
23.0
23.0
20.0
28.0
32.0
24.0
20.0
17.0
21.0
27.0
23.0
27.0
24.0
23.0
23.0
23.0
26.0
21.0
23.0
19.0
28.0
22.0
25.0
22.0
24.0
20.0
27.0
20.0
22.0
22.0
19.0
25.0
20.0
17.0
23.0
19.0
21.0
22.0
24.0
20.0
18.0
16.0
26.0
19.0
22.0
19.0
22.0
21.0
17.0
24.0
30.0
21.0
21.0
24.0
29.0
21.0
19.0
21.0
20.0
26.0
21.0
24.0
32.0
17.0
18.0
21.0
22.0
20.0
30.0
18.0
15.0
19.0
21.0
13.0
16.0
17.0
26.0
28.0
19.0
20.0
11.0
21.0
17.0
20.0
18.0
29.0
20.0
20.0
25.0
20.0
20.0
21.0
21.0
17.0
25.0
22.0
21.0
22.0
17.0
19.0
12.0
19.0
16.0
16.0
28.0
12.0
24.0
15.0
24.0
21.0
22.0
19.0
15.0
23.0
21.0
19.0
29.0
16.0
21.0
27.0
11.0
17.0
21.0
18.0
12.0
19.0
15.0
19.0
22.0
13.0
24.0
18.0
27.0
16.0
20.0
18.0
21.0
19.0
19.0
12.0
12.0
10.0
12.0
14.0
17.0
18.0
17.0
9.0
11.0
17.0
15.0
11.0
14.0
18.0
3.0
15.0
13.0
16.0
17.0
19.0
20.0
19.0
11.0
12.0
13.0
17.0
15.0
16.0
16.0
21.0
21.0
20.0
13.0
15.0
20.0
14.0
17.0
19.0
20.0
22.0
18.0
14.0
5.0
16.0
16.0
19.0
16.0
16.0
16.0
15.0
28.0
16.0
9.0
15.0
19.0
16.0
19.0
15.0
17.0
14.0
18.0
21.0
23.0
16.0
10.0
19.0
14.0
19.0
19.0
15.0
16.0
17.0
15.0
11.0
15.0
11.0
13.0
16.0
15.0
18.0
16.0
15.0
13.0
11.0
19.0
13.0
14.0
25.0
21.0
16.0
20.0
18.0
15.0
14.0
16.0
18.0
15.0
18.0
21.0
21.0
6.0
15.0
8.0
12.0
17.0
15.0
15.0
19.0
11.0
10.0
14.0
19.0
20.0
15.0
9.0
20.0
13.0
13.0
14.0
15.0
22.0
15.0
12.0
16.0
10.0
10.0
13.0
14.0
9.0
11.0
19.0
17.0
22.0
21.0
15.0
15.0
12.0
11.0
16.0
8.0
7.0
14.0
13.0
14.0
10.0
14.0
14.0
16.0
9.0
14.0
15.0
17.0
11.0
14.0
10.0
11.0
12.0
10.0
11.0
19.0
12.0
13.0
15.0
17.0
11.0
13.0
7.0
19.0
13.0
17.0
8.0
11.0
13.0
21.0
19.0
17.0
5.0
16.0
12.0
13.0
12.0
13.0
12.0
18.0
10.0
10.0
14.0
13.0
17.0
12.0
18.0
14.0
6.0
11.0
13.0
15.0
15.0
11.0
10.0
9.0
15.0
12.0
12.0
9.0
16.0
12.0
13.0
13.0
9.0
15.0
17.0
7.0
18.0
12.0
16.0
11.0
13.0
13.0
12.0
16.0
12.0
5.0
12.0
13.0
12.0
14.0
12.0
12.0
10.0
5.0
12.0
15.0
6.0
11.0
13.0
10.0
8.0
14.0
21.0
15.0
14.0
12.0
15.0
10.0
20.0
6.0
12.0
12.0
10.0
12.0
8.0
11.0
18.0
7.0
11.0
13.0
10.0
11.0
12.0
12.0
14.0
11.0
18.0
7.0
12.0
11.0
9.0
12.0
9.0
14.0
14.0
8.0
7.0
10.0
11.0
8.0
4.0
11.0
11.0
13.0
6.0
11.0
15.0
11.0
9.0
7.0
17.0
12.0
7.0
7.0
11.0
7.0
11.0
8.0
13.0
14.0
11.0
13.0
10.0
14.0
13.0
9.0
15.0
11.0
13.0
7.0
11.0
11.0
16.0
9.0
14.0
15.0
10.0
10.0
12.0
11.0
13.0
13.0
9.0
13.0
7.0
11.0
6.0
10.0
19.0
9.0
13.0
14.0
15.0
9.0
11.0
13.0
4.0
14.0
13.0
8.0
9.0
10.0
10.0
8.0
9.0
13.0
9.0
10.0
11.0
12.0
9.0
9.0
9.0
9.0
10.0
10.0
10.0
9.0
7.0
16.0
13.0
10.0
12.0
11.0
13.0
14.0
9.0
13.0
5.0
5.0
9.0
9.0
10.0
8.0
11.0
10.0
9.0
10.0
10.0
10.0
8.0
11.0
15.0
7.0
8.0
4.0
17.0
9.0
6.0
10.0
8.0
11.0
5.0
15.0
9.0
9.0
15.0
5.0
11.0
9.0
7.0
6.0
5.0
9.0
9.0
8.0
7.0
5.0
5.0
9.0
9.0
8.0
9.0
4.0
9.0
7.0
6.0
6.0
11.0
9.0
11.0
10.0
7.0
7.0
10.0
8.0
10.0
9.0
12.0
7.0
12.0
9.0
7.0
8.0
9.0
10.0
10.0
11.0
14.0
7.0
7.0
9.0
11.0
9.0
9.0
14.0
9.0
13.0
7.0
14.0
9.0
5.0
7.0
5.0
9.0
10.0
14.0
13.0
5.0
9.0
8.0
10.0
15.0
11.0
11.0
11.0
11.0
10.0
5.0
7.0
9.0
10.0
9.0
9.0
9.0
9.0
9.0
9.0
6.0
9.0
6.0
7.0
4.0
10.0
9.0
6.0
8.0
8.0
6.0
9.0
8.0
8.0
8.0
12.0
8.0
8.0
4.0
10.0
9.0
8.0
10.0
8.0
5.0
8.0
8.0
2.0
7.0
9.0
6.0
7.0
7.0
4.0
7.0
4.0
8.0
8.0
7.0
7.0
8.0
8.0
5.0
10.0
9.0
9.0
6.0
7.0
14.0
8.0
10.0
6.0
5.0
9.0
8.0
8.0
6.0
6.0
7.0
8.0
4.0
10.0
8.0
10.0
5.0
7.0
6.0
7.0
11.0
10.0
6.0
9.0
8.0
9.0
10.0
7.0
4.0
2.0
9.0
6.0
14.0
8.0
9.0
8.0
6.0
8.0
2.0
6.0
6.0
7.0
11.0
8.0
7.0
12.0
11.0
6.0
3.0
7.0
6.0
5.0
10.0
8.0
8.0
4.0
5.0
13.0
2.0
4.0
7.0
8.0
9.0
7.0
10.0
6.0
10.0
11.0
10.0
8.0
7.0
8.0
5.0
9.0
7.0
8.0
5.0
5.0
6.0
10.0
5.0
11.0
5.0
4.0
6.0
10.0
7.0
7.0
7.0
5.0
5.0
9.0
7.0
3.0
8.0
7.0
8.0
7.0
7.0
3.0
5.0
7.0
10.0
1.0
8.0
3.0
5.0
5.0
8.0
4.0
11.0
8.0
7.0
5.0
6.0
6.0
2.0
6.0
7.0
7.0
7.0
10.0
5.0
7.0
7.0
7.0
4.0
4.0
7.0
9.0
14.0
6.0
8.0
7.0
8.0
7.0
6.0
9.0
7.0
9.0
7.0
10.0
4.0
12.0
2.0
7.0
3.0
9.0
6.0
7.0
4.0
9.0
7.0
5.0
6.0
7.0
8.0
7.0
7.0
7.0
9.0
3.0
7.0
8.0
7.0
10.0
7.0
1.0
5.0
5.0
7.0
6.0
3.0
7.0
7.0
4.0
7.0
6.0
8.0
3.0
6.0
10.0
9.0
6.0
8.0
4.0
5.0
8.0
7.0
7.0
9.0
8.0
4.0
8.0
5.0
4.0
8.0
6.0
7.0
7.0
2.0
11.0
7.0
6.0
5.0
7.0
8.0
5.0
8.0
7.0
6.0
5.0
6.0
8.0
5.0
3.0
-1.0
9.0
7.0
4.0
8.0
10.0
6.0
7.0
9.0
9.0
7.0
8.0
8.0
6.0
7.0
8.0
9.0
5.0
9.0
9.0
4.0
5.0
6.0
4.0
5.0
6.0
6.0
5.0
6.0
6.0
6.0
7.0
7.0
6.0
3.0
6.0
6.0
4.0
8.0
3.0
6.0
6.0
2.0
8.0
7.0
4.0
6.0
5.0
2.0
6.0
11.0
3.0
1.0
6.0
0.0
9.0
7.0
6.0
8.0
-2.0
11.0
6.0
3.0
6.0
7.0
8.0
6.0
7.0
3.0
4.0
9.0
6.0
10.0
6.0
5.0
4.0
6.0
8.0
5.0
6.0
7.0
6.0
4.0
6.0
6.0
6.0
5.0
12.0
7.0
6.0
10.0
3.0
5.0
4.0
7.0
9.0
8.0
4.0
10.0
8.0
8.0
7.0
6.0
3.0
4.0
7.0
5.0
1.0
8.0
6.0
5.0
9.0
2.0
1.0
6.0
5.0
6.0
7.0
6.0
11.0
4.0
8.0
0.0
4.0
5.0
9.0
6.0
5.0
2.0
6.0
8.0
7.0
6.0
5.0
5.0
6.0
7.0
9.0
8.0
11.0
7.0
8.0
6.0
11.0
2.0
5.0
6.0
5.0
6.0
6.0
3.0
7.0
5.0
2.0
5.0
4.0
6.0
6.0
5.0
6.0
6.0
13.0
4.0
2.0
5.0
6.0
6.0
4.0
7.0
3.0
5.0
6.0
10.0
5.0
3.0
6.0
6.0
7.0
5.0
9.0
6.0
6.0
3.0
7.0
7.0
7.0
5.0
4.0
8.0
5.0
7.0
1.0
6.0
6.0
6.0
5.0
7.0
5.0
3.0
8.0
4.0
12.0
12.0
6.0
6.0
5.0
5.0
4.0
5.0
7.0
5.0
2.0
6.0
8.0
6.0
9.0
6.0
4.0
3.0
7.0
3.0
3.0
5.0
8.0
6.0
6.0
6.0
7.0
6.0
5.0
4.0
4.0
6.0
5.0
6.0
5.0
9.0
9.0
6.0
7.0
5.0
5.0
5.0
7.0
5.0
8.0
7.0
2.0
6.0
6.0
6.0
8.0
3.0
3.0
9.0
7.0
9.0
8.0
3.0
8.0
7.0
5.0
7.0
8.0
8.0
4.0
6.0
2.0
6.0
6.0
4.0
8.0
9.0
6.0
6.0
6.0
6.0
6.0
9.0
9.0
2.0
6.0
6.0
5.0
4.0
4.0
8.0
6.0
7.0
6.0
4.0
6.0
6.0
8.0
3.0
6.0
5.0
6.0
6.0
6.0
3.0
6.0
9.0
7.0
6.0
4.0
8.0
6.0
4.0
2.0
3.0
5.0
11.0
5.0
7.0
6.0
4.0
10.0
6.0
7.0
5.0
2.0
3.0
2.0
11.0
5.0
6.0
5.0
5.0
7.0
5.0
6.0
4.0
5.0
3.0
0.0
2.0
1.0
4.0
4.0
3.0
4.0
6.0
5.0
2.0
6.0
7.0
8.0
3.0
5.0
8.0
4.0
5.0
6.0
9.0
5.0
5.0
7.0
5.0
6.0
5.0
5.0
4.0
2.0
5.0
7.0
9.0
3.0
2.0
3.0
4.0
5.0
10.0
5.0
9.0
4.0
7.0
3.0
6.0
7.0
4.0
5.0
6.0
8.0
5.0
2.0
5.0
8.0
-1.0
5.0
5.0
5.0
6.0
4.0
5.0
5.0
5.0
6.0
6.0
5.0
11.0
4.0
5.0
4.0
7.0
6.0
8.0
2.0
7.0
4.0
5.0
7.0
5.0
4.0
3.0
5.0
5.0
2.0
3.0
4.0
10.0
1.0
5.0
5.0
6.0
6.0
1.0
3.0
4.0
4.0
5.0
4.0
6.0
6.0
7.0
5.0
7.0
7.0
9.0
5.0
5.0
4.0
5.0
5.0
4.0
5.0
5.0
6.0
7.0
4.0
6.0
9.0
5.0
6.0
5.0
5.0
5.0
2.0
4.0
3.0
4.0
4.0
5.0
5.0
5.0
6.0
6.0
3.0
9.0
5.0
4.0
6.0
9.0
10.0
5.0
5.0
5.0
0.0
2.0
8.0
6.0
7.0
5.0
5.0
4.0
4.0
8.0
6.0
5.0
5.0
8.0
8.0
5.0
6.0
9.0
8.0
6.0
10.0
6.0
5.0
9.0
6.0
7.0
9.0
4.0
5.0
5.0
7.0
3.0
3.0
4.0
5.0
5.0
6.0
6.0
5.0
2.0
5.0
3.0
5.0
6.0
6.0
5.0
5.0
3.0
5.0
3.0
7.0
4.0
5.0
5.0
2.0
7.0
6.0
4.0
3.0
4.0
5.0
7.0
4.0
3.0
5.0
5.0
3.0
5.0
6.0
4.0
4.0
9.0
6.0
2.0
3.0
5.0
7.0
5.0
7.0
3.0
8.0
1.0
1.0
6.0
4.0
4.0
2.0
5.0
6.0
4.0
5.0
8.0
6.0
4.0
2.0
9.0
5.0
5.0
6.0
5.0
8.0
2.0
6.0
5.0
3.0
2.0
8.0
3.0
4.0
6.0
4.0
5.0
5.0
5.0
7.0
2.0
7.0
6.0
4.0
2.0
5.0
4.0
7.0
5.0
4.0
1.0
4.0
6.0
5.0
5.0
6.0
7.0
4.0
5.0
6.0
4.0
4.0
5.0
8.0
5.0
3.0
5.0
6.0
6.0
4.0
6.0
8.0
5.0
0.0
4.0
7.0
10.0
5.0
4.0
9.0
6.0
5.0
3.0
5.0
5.0
5.0
3.0
4.0
7.0
7.0
6.0
7.0
5.0
5.0
-2.0
5.0
3.0
3.0
0.0
5.0
5.0
5.0
5.0
5.0
6.0
6.0
3.0
3.0
10.0
8.0
4.0
5.0
5.0
9.0
5.0
6.0
7.0
1.0
2.0
7.0
5.0
9.0
4.0
6.0
6.0
6.0
5.0
5.0
5.0
4.0
7.0
7.0
5.0
8.0
8.0
3.0
5.0
5.0
5.0
8.0
6.0
5.0
4.0
5.0
4.0
7.0
5.0
5.0
1.0
7.0
2.0
-1.0
2.0
6.0
6.0
5.0
5.0
7.0
5.0
6.0
7.0
7.0
5.0
8.0
5.0
5.0
6.0
8.0
2.0
7.0
5.0
5.0
2.0
0.0
2.0
5.0
7.0
6.0
1.0
8.0
5.0
4.0
7.0
3.0
5.0
7.0
6.0
5.0
9.0
3.0
5.0
8.0
7.0
3.0
4.0
3.0
3.0
3.0
3.0
7.0
5.0
8.0
3.0
1.0
3.0
4.0
5.0
5.0
3.0
6.0
5.0
3.0
6.0
6.0
5.0
6.0
1.0
7.0
6.0
5.0
5.0
11.0
5.0
5.0
4.0
5.0
7.0
8.0
2.0
9.0
7.0
5.0
4.0
3.0
6.0
5.0
2.0
5.0
5.0
8.0
3.0
1.0
7.0
7.0
8.0
6.0
3.0
6.0
6.0
5.0
5.0
3.0
4.0
8.0
9.0
4.0
5.0
5.0
1.0
5.0
8.0
5.0
4.0
6.0
5.0
2.0
2.0
5.0
5.0
5.0
3.0
4.0
7.0
2.0
7.0
5.0
5.0
1.0
9.0
8.0
7.0
5.0
3.0
6.0
8.0
1.0
9.0
5.0
5.0
5.0
9.0
7.0
3.0
6.0
8.0
5.0
3.0
5.0
7.0
2.0
5.0
0.0
5.0
4.0
8.0
10.0
5.0
5.0
4.0
6.0
7.0
5.0
8.0
5.0
5.0
7.0
9.0
3.0
5.0
5.0
7.0
3.0
4.0
7.0
6.0
6.0
4.0
5.0
10.0
5.0
4.0
2.0
5.0
4.0
6.0
6.0
9.0
5.0
4.0
5.0
7.0
6.0
5.0
6.0
5.0
5.0
7.0
4.0
5.0
5.0
3.0
2.0
5.0
2.0
6.0
5.0
7.0
1.0
5.0
8.0
8.0
8.0
5.0
3.0
9.0
6.0
5.0
8.0
3.0
5.0
4.0
5.0
4.0
5.0
4.0
8.0
5.0
8.0
4.0
9.0
5.0
6.0
5.0
8.0
5.0
3.0
6.0
6.0
8.0
5.0
3.0
5.0
7.0
5.0
6.0
2.0
2.0
5.0
5.0
6.0
6.0
5.0
6.0
4.0
6.0
6.0
5.0
4.0
5.0
6.0
7.0
5.0
4.0
5.0
7.0
6.0
9.0
5.0
5.0
6.0
4.0
3.0
5.0
4.0
4.0
2.0
5.0
3.0
7.0
5.0
2.0
6.0
5.0
2.0
8.0
4.0
4.0
2.0
2.0
9.0
2.0
7.0
7.0
0.0
2.0
5.0
4.0
2.0
4.0
4.0
7.0
9.0
6.0
2.0
4.0
4.0
5.0
4.0
5.0
4.0
3.0
5.0
3.0
5.0
8.0
2.0
3.0
4.0
5.0
5.0
7.0
6.0
5.0
9.0
3.0
5.0
10.0
2.0
3.0
11.0
4.0
5.0
6.0
6.0
4.0
3.0
7.0
6.0
7.0
10.0
6.0
1.0
5.0
2.0
2.0
5.0
9.0
5.0
7.0
5.0
3.0
10.0
5.0
4.0
2.0
5.0
5.0
8.0
6.0
6.0
5.0
4.0
5.0
5.0
8.0
9.0
4.0
5.0
5.0
4.0
5.0
3.0
9.0
5.0
5.0
7.0
10.0
5.0
7.0
3.0
5.0
5.0
4.0
5.0
5.0
5.0
5.0
9.0
5.0
4.0
3.0
7.0
0.0
4.0
7.0
3.0
3.0
5.0
7.0
7.0
0.0
5.0
6.0
7.0
0.0
8.0
4.0
5.0
3.0
5.0
7.0
6.0
5.0
3.0
5.0
3.0
4.0
4.0
10.0
5.0
7.0
7.0
7.0
4.0
5.0
5.0
5.0
5.0
4.0
3.0
5.0
5.0
3.0
3.0
9.0
5.0
0.0
3.0
1.0
6.0
3.0
5.0
6.0
4.0
5.0
7.0
5.0
5.0
8.0
8.0
7.0
6.0
8.0
5.0
5.0
8.0
5.0
5.0
1.0
5.0
5.0
6.0
6.0
6.0
7.0
5.0
5.0
5.0
4.0
5.0
6.0
5.0
6.0
3.0
5.0
2.0
2.0
9.0
5.0
3.0
5.0
5.0
4.0
4.0
5.0
3.0
7.0
7.0
5.0
7.0
7.0
5.0
5.0
5.0
5.0
6.0
5.0
6.0
5.0
5.0
4.0
5.0
5.0
5.0
5.0
4.0
5.0
4.0
5.0
8.0
3.0
6.0
5.0
3.0
5.0
6.0
6.0
5.0
8.0
5.0
0.0
5.0
5.0
5.0
7.0
5.0
2.0
5.0
8.0
9.0
7.0
4.0
4.0
5.0
5.0
8.0
5.0
5.0
1.0
8.0
6.0
5.0
7.0
5.0
7.0
4.0
4.0
3.0
10.0
3.0
8.0
5.0
4.0
4.0
-1.0
8.0
5.0
5.0
6.0
7.0
5.0
4.0
4.0
5.0
6.0
5.0
6.0
5.0
1.0
7.0
5.0
4.0
6.0
4.0
8.0
5.0
4.0
8.0
3.0
6.0
5.0
2.0
3.0
5.0
4.0
8.0
4.0
7.0
5.0
10.0
5.0
5.0
8.0
3.0
3.0
5.0
4.0
7.0
5.0
5.0
9.0
5.0
4.0
7.0
3.0
4.0
5.0
6.0
10.0
4.0
7.0
4.0
5.0
6.0
7.0
10.0
4.0
5.0
5.0
4.0
2.0
3.0
3.0
5.0
5.0
3.0
7.0
5.0
8.0
4.0
5.0
3.0
6.0
5.0
5.0
1.0
4.0
2.0
5.0
4.0
5.0
8.0
7.0
3.0
3.0
5.0
5.0
8.0
1.0
4.0
8.0
4.0
9.0
5.0
6.0
8.0
5.0
5.0
5.0
2.0
2.0
7.0
6.0
5.0
3.0
6.0
9.0
2.0
5.0
7.0
6.0
5.0
5.0
5.0
5.0
3.0
1.0
6.0
7.0
3.0
6.0
8.0
4.0
4.0
3.0
4.0
6.0
6.0
5.0
7.0
2.0
8.0
5.0
3.0
4.0
5.0
5.0
3.0
1.0
4.0
6.0
5.0
5.0
5.0
9.0
7.0
2.0
5.0
5.0
10.0
6.0
5.0
3.0
5.0
5.0
3.0
9.0
7.0
2.0
7.0
5.0
7.0
3.0
3.0
6.0
5.0
6.0
5.0
6.0
2.0
5.0
3.0
5.0
8.0
5.0
3.0
5.0
5.0
3.0
3.0
6.0
-1.0
5.0
6.0
3.0
5.0
7.0
7.0
5.0
4.0
3.0
6.0
5.0
4.0
9.0
1.0
4.0
4.0
8.0
5.0
4.0
5.0
4.0
8.0
7.0
5.0
5.0
4.0
4.0
7.0
4.0
7.0
7.0
5.0
1.0
6.0
8.0
5.0
6.0
3.0
5.0
6.0
10.0
5.0
8.0
6.0
5.0
5.0
3.0
5.0
6.0
5.0
5.0
1.0
5.0
8.0
6.0
4.0
5.0
5.0
5.0
4.0
5.0
1.0
8.0
10.0
6.0
6.0
0.0
5.0
5.0
4.0
3.0
4.0
6.0
5.0
5.0
5.0
9.0
2.0
5.0
7.0
4.0
1.0
5.0
7.0
3.0
5.0
6.0
4.0
6.0
5.0
5.0
6.0
5.0
3.0
5.0
7.0
9.0
5.0
7.0
5.0
6.0
8.0
6.0
5.0
5.0
8.0
0.0
9.0
4.0
4.0
7.0
5.0
6.0
2.0
7.0
4.0
8.0
8.0
4.0
5.0
4.0
5.0
5.0
5.0
6.0
6.0
6.0
5.0
3.0
6.0
3.0
5.0
5.0
3.0
3.0
5.0
5.0
6.0
8.0
5.0
3.0
5.0
7.0
5.0
3.0
4.0
5.0
5.0
5.0
3.0
4.0
5.0
8.0
5.0
5.0
7.0
5.0
5.0
4.0
7.0
5.0
3.0
6.0
2.0
3.0
4.0
8.0
4.0
5.0
3.0
3.0
12.0
4.0
5.0
5.0
7.0
5.0
11.0
6.0
4.0
9.0
7.0
5.0
8.0
5.0
8.0
5.0
5.0
5.0
4.0
3.0
3.0
4.0
5.0
6.0
6.0
8.0
2.0
5.0
5.0
4.0
6.0
2.0
6.0
5.0
7.0
5.0
0.0
5.0
5.0
6.0
3.0
5.0
5.0
4.0
5.0
8.0
7.0
3.0
7.0
5.0
6.0
5.0
4.0
6.0
5.0
6.0
5.0
5.0
5.0
5.0
8.0
6.0
6.0
6.0
3.0
6.0
8.0
5.0
4.0
2.0
7.0
3.0
5.0
5.0
5.0
4.0
6.0
5.0
6.0
4.0
5.0
5.0
7.0
7.0
5.0
5.0
2.0