4.0
4.0
9.0
6.0
3.0
5.0
6.0
5.0
6.0
2.0
4.0
3.0
5.0
9.0
9.0
3.0
5.0
3.0
5.0
5.0
1.0
8.0
10.0
5.0
5.0
5.0
3.0
6.0
5.0
5.0
8.0
5.0
8.0
2.0
5.0
6.0
7.0
6.0
5.0
5.0
5.0
5.0
5.0
7.0
5.0
5.0
5.0
8.0
12.0
5.0
5.0
6.0
5.0
5.0
5.0
3.0
5.0
5.0
5.0
5.0
4.0
5.0
5.0
6.0
6.0
5.0
5.0
5.0
2.0
5.0
6.0
6.0
5.0
5.0
5.0
5.0
2.0
4.0
5.0
5.0
6.0
6.0
5.0
3.0
8.0
-1.0
5.0
4.0
5.0
4.0
0.0
9.0
5.0
9.0
6.0
6.0
0.0
7.0
5.0
7.0
5.0
5.0
6.0
7.0
3.0
5.0
4.0
6.0
5.0
7.0
5.0
6.0
8.0
5.0
4.0
4.0
5.0
6.0
6.0
4.0
5.0
7.0
6.0
6.0
5.0
3.0
3.0
5.0
6.0
5.0
5.0
4.0
5.0
7.0
3.0
5.0
6.0
8.0
5.0
5.0
6.0
2.0
4.0
2.0
2.0
3.0
5.0
3.0
5.0
5.0
3.0
7.0
5.0
5.0
8.0
5.0
4.0
7.0
3.0
5.0
5.0
8.0
5.0
1.0
4.0
6.0
7.0
5.0
3.0
5.0
3.0
3.0
5.0
8.0
3.0
5.0
10.0
7.0
5.0
5.0
3.0
6.0
4.0
2.0
4.0
7.0
6.0
5.0
5.0
5.0
1.0
5.0
10.0
5.0
7.0
6.0
2.0
5.0
5.0
5.0
5.0
4.0
10.0
2.0
5.0
6.0
3.0
9.0
5.0
5.0
5.0
5.0
3.0
5.0
6.0
3.0
4.0
7.0
7.0
5.0
6.0
5.0
4.0
5.0
5.0
4.0
2.0
4.0
3.0
5.0
6.0
4.0
3.0
8.0
3.0
3.0
5.0
4.0
2.0
5.0
6.0
7.0
9.0
4.0
5.0
5.0
6.0
5.0
5.0
5.0
6.0
4.0
2.0
5.0
5.0
6.0
5.0
8.0
4.0
3.0
7.0
5.0
7.0
5.0
5.0
5.0
5.0
5.0
5.0
3.0
5.0
7.0
5.0
4.0
4.0
1.0
5.0
6.0
7.0
2.0
5.0
1.0
2.0
5.0
3.0
3.0
2.0
3.0
5.0
3.0
5.0
3.0
5.0
6.0
5.0
5.0
3.0
1.0
2.0
5.0
5.0
4.0
0.0
5.0
4.0
6.0
5.0
1.0
3.0
3.0
1.0
5.0
2.0
8.0
12.0
7.0
4.0
3.0
6.0
6.0
7.0
3.0
0.0
9.0
3.0
5.0
9.0
6.0
6.0
5.0
3.0
3.0
5.0
5.0
3.0
7.0
5.0
5.0
3.0
4.0
5.0
6.0
7.0
1.0
5.0
5.0
6.0
5.0
5.0
2.0
5.0
3.0
7.0
5.0
6.0
11.0
10.0
6.0
5.0
5.0
5.0
4.0
4.0
5.0
6.0
5.0
5.0
3.0
5.0
5.0
5.0
5.0
5.0
6.0
5.0
4.0
8.0
6.0
9.0
12.0
10.0
11.0
9.0
17.0
27.0
40.0
59.0
85.0
106.0
176.0
221.0
245.0
348.0
455.0
572.0
758.0
980.0
1163.0
1441.0
1755.0
2174.0
2562.0
3062.0
3553.0
3954.0
4661.0
5342.0
6113.0
6672.0
7519.0
7997.0
8767.0
9463.0
9989.0
10533.0
11019.0
11362.0
11828.0
12095.0
12523.0
12728.0
12949.0
13068.0
13197.0
13184.0
13014.0
13334.0
13252.0
13152.0
13009.0
13113.0
13003.0
12833.0
12691.0
12770.0
12936.0
12704.0
12734.0
12441.0
12588.0
12483.0
12282.0
12244.0
12304.0
12159.0
12084.0
11991.0
11839.0
11831.0
12045.0
11740.0
11587.0
11553.0
11552.0
11658.0
11398.0
11426.0
11589.0
11312.0
11411.0
11302.0
11332.0
11263.0
11102.0
11228.0
11044.0
10915.0
10981.0
10835.0
10939.0
10680.0
10686.0
10566.0
10696.0
10672.0
10887.0
10514.0
10670.0
10434.0
10426.0
10330.0
10437.0
10083.0
10328.0
10336.0
10221.0
10149.0
10184.0
10057.0
9970.0
10060.0
10059.0
9984.0
9766.0
9773.0
9842.0
9712.0
9764.0
9699.0
9820.0
9735.0
9500.0
9603.0
9596.0
9549.0
9427.0
9692.0
9587.0
9281.0
9396.0
9269.0
9273.0
9097.0
9102.0
9239.0
9084.0
8920.0
8887.0
9046.0
8916.0
8914.0
9081.0
9010.0
9033.0
8976.0
8730.0
8934.0
8891.0
8607.0
8529.0
8681.0
8672.0
8398.0
8607.0
8572.0
8538.0
8482.0
8375.0
8389.0
8505.0
8343.0
8370.0
8555.0
8439.0
8272.0
8288.0
8149.0
8110.0
8017.0
8130.0
8245.0
8051.0
8015.0
8103.0
8033.0
7787.0
7736.0
7927.0
7969.0
7918.0
8070.0
7513.0
7800.0
7756.0
7854.0
7677.0
7604.0
7570.0
7668.0
7612.0
7681.0
7814.0
7610.0
7417.0
7648.0
7517.0
7652.0
7362.0
7194.0
7440.0
7382.0
7439.0
7485.0
7258.0
7282.0
7261.0
7295.0
7254.0
7167.0
7141.0
7217.0
7228.0
6950.0
7088.0
7022.0
7025.0
6836.0
6943.0
7034.0
6924.0
6921.0
6870.0
6833.0
7071.0
6869.0
6756.0
6844.0
6782.0
6761.0
6704.0
6831.0
6745.0
6612.0
6766.0
6472.0
6606.0
6601.0
6489.0
6743.0
6548.0
6667.0
6601.0
6553.0
6345.0
6381.0
6430.0
6581.0
6211.0
6407.0
6340.0
6295.0
6185.0
6394.0
6291.0
6269.0
6233.0
6242.0
6152.0
6161.0
6227.0
6189.0
6184.0
6067.0
6103.0
6096.0
6229.0
6112.0
5874.0
6194.0
6128.0
5840.0
6017.0
5888.0
5921.0
5932.0
5773.0
5855.0
5929.0
5783.0
5717.0
5770.0
5760.0
5736.0
5810.0
5834.0
5821.0
5533.0
5722.0
5747.0
5583.0
5509.0
5638.0
5694.0
5613.0
5608.0
5472.0
5515.0
5627.0
5470.0
5480.0
5663.0
5461.0
5279.0
5454.0
5497.0
5392.0
5310.0
5308.0
5379.0
5279.0
5257.0
5335.0
5346.0
5306.0
5206.0
5231.0
5209.0
5172.0
5218.0
5360.0
5231.0
5169.0
5092.0
5285.0
5192.0
5207.0
5094.0
5089.0
5095.0
5067.0
5008.0
5113.0
4897.0
5028.0
4973.0
4914.0
4953.0
4942.0
4854.0
4996.0
4915.0
4898.0
4897.0
4697.0
4879.0
4747.0
4900.0
4847.0
4784.0
4848.0
4847.0
4732.0
4814.0
4698.0
4717.0
4735.0
4715.0
4741.0
4715.0
4701.0
4685.0
4654.0
4582.0
4617.0
4538.0
4530.0
4687.0
4541.0
4575.0
4501.0
4519.0
4511.0
4677.0
4505.0
4342.0
4452.0
4506.0
4550.0
4331.0
4443.0
4359.0
4342.0
4473.0
4467.0
4452.0
4250.0
4366.0
4338.0
4221.0
4343.0
4287.0
4234.0
4358.0
4241.0
4317.0
4217.0
4330.0
4179.0
4233.0
4189.0
4175.0
4141.0
4218.0
4193.0
4118.0
4045.0
4131.0
3939.0
4194.0
4123.0
4111.0
4043.0
4055.0
4054.0
4027.0
4105.0
4070.0
4000.0
3963.0
3996.0
3862.0
4058.0
3950.0
3848.0
3894.0
3944.0
3931.0
3886.0
3914.0
3848.0
3904.0
3823.0
3949.0
3835.0
3809.0
3836.0
3807.0
3832.0
3769.0
3882.0
3810.0
3829.0
3685.0
3675.0
3823.0
3686.0
3803.0
3792.0
3695.0
3580.0
3798.0
3596.0
3649.0
3687.0
3596.0
3534.0
3626.0
3633.0
3667.0
3502.0
3509.0
3581.0
3584.0
3679.0
3553.0
3529.0
3627.0
3449.0
3507.0
3589.0
3540.0
3510.0
3526.0
3435.0
3548.0
3376.0
3448.0
3444.0
3346.0
3404.0
3432.0
3437.0
3456.0
3324.0
3520.0
3350.0
3366.0
3370.0
3474.0
3226.0
3303.0
3406.0
3342.0
3318.0
3264.0
3344.0
3342.0
3246.0
3261.0
3218.0
3309.0
3245.0
3334.0
3192.0
3282.0
3187.0
3157.0
3207.0
3171.0
3170.0
3231.0
3216.0
3165.0
3021.0
3097.0
3070.0
3181.0
3105.0
3052.0
3123.0
3099.0
3059.0
3112.0
3088.0
3016.0
3026.0
3029.0
3094.0
3042.0
3124.0
3004.0
2984.0
3132.0
2967.0
3069.0
3040.0
2959.0
2984.0
3018.0
2936.0
2957.0
2957.0
2877.0
2873.0
2900.0
2847.0
2849.0
2891.0
2838.0
2852.0
2859.0
2944.0
2881.0
2917.0
3013.0
2799.0
2871.0
2834.0
2753.0
2760.0
2778.0
2774.0
2710.0
2785.0
2816.0
2792.0
2760.0
2733.0
2800.0
2785.0
2835.0
2766.0
2753.0
2713.0
2833.0
2704.0
2677.0
2717.0
2662.0
2638.0
2676.0
2668.0
2637.0
2708.0
2722.0
2736.0
2667.0
2633.0
2700.0
2581.0
2633.0
2572.0
2612.0
2697.0
2662.0
2565.0
2623.0
2622.0
2577.0
2661.0
2607.0
2594.0
2625.0
2466.0
2526.0
2546.0
2550.0
2435.0
2596.0
2465.0
2550.0
2487.0
2469.0
2485.0
2494.0
2504.0
2423.0
2460.0
2472.0
2464.0
2407.0
2478.0
2450.0
2498.0
2545.0
2424.0
2478.0
2418.0
2400.0
2453.0
2408.0
2436.0
2332.0
2468.0
2301.0
2445.0
2419.0
2279.0
2261.0
2387.0
2290.0
2356.0
2217.0
2360.0
2307.0
2298.0
2298.0
2314.0
2292.0
2361.0
2250.0
2231.0
2428.0
2221.0
2321.0
2215.0
2339.0
2254.0
2236.0
2194.0
2310.0
2239.0
2266.0
2348.0
2193.0
2226.0
2186.0
2195.0
2296.0
2182.0
2271.0
2170.0
2217.0
2138.0
2145.0
2164.0
2229.0
2109.0
2156.0
2148.0
2239.0
2172.0
2141.0
2303.0
2135.0
2234.0
2169.0
2102.0
2068.0
2109.0
2084.0
2123.0
2066.0
2146.0
2069.0
2093.0
2130.0
2080.0
2073.0
2086.0
2089.0
2042.0
2015.0
2001.0
2103.0
2066.0
1991.0
1970.0
1994.0
1964.0
2023.0
2015.0
1994.0
1922.0
1953.0
2009.0
1962.0
2004.0
2002.0
2043.0
2017.0
2000.0
2002.0
1953.0
1977.0
1961.0
1971.0
1946.0
1934.0
1975.0
1902.0
1904.0
1916.0
1954.0
1935.0
1831.0
1883.0
1886.0
1971.0
1905.0
1871.0
1872.0
1810.0
1851.0
1987.0
1856.0
1866.0
1783.0
1854.0
1795.0
1830.0
1859.0
1805.0
1861.0
1881.0
1876.0
1929.0
1888.0
1828.0
1875.0
1821.0
1843.0
1845.0
1840.0
1813.0
1764.0
1793.0
1787.0
1773.0
1781.0
1823.0
1777.0
1713.0
1725.0
1772.0
1756.0
1755.0
1747.0
1794.0
1748.0
1718.0
1715.0
1708.0
1751.0
1717.0
1701.0
1706.0
1680.0
1703.0
1726.0
1739.0
1727.0
1678.0
1701.0
1734.0
1714.0
1686.0
1723.0
1609.0
1707.0
1661.0
1700.0
1643.0
1598.0
1707.0
1659.0
1666.0
1661.0
1710.0
1615.0
1592.0
1659.0
1617.0
1550.0
1668.0
1525.0
1625.0
1627.0
1684.0
1573.0
1668.0
1610.0
1512.0
1589.0
1567.0
1481.0
1613.0
1512.0
1567.0
1534.0
1509.0
1582.0
1577.0
1559.0
1514.0
1529.0
1567.0
1495.0
1607.0
1565.0
1507.0
1568.0
1486.0
1491.0
1521.0
1574.0
1506.0
1529.0
1491.0
1583.0
1529.0
1606.0
1490.0
1493.0
1519.0
1490.0
1502.0
1535.0
1390.0
1391.0
1463.0
1492.0
1511.0
1502.0
1406.0
1424.0
1491.0
1476.0
1485.0
1450.0
1427.0
1401.0
1454.0
1395.0
1482.0
1389.0
1430.0
1429.0
1509.0
1492.0
1377.0
1432.0
1448.0
1418.0
1464.0
1464.0
1424.0
1407.0
1409.0
1378.0
1465.0
1407.0
1450.0
1389.0
1346.0
1452.0
1335.0
1306.0
1367.0
1371.0
1395.0
1358.0
1338.0
1410.0
1421.0
1361.0
1292.0
1315.0
1317.0
1302.0
1341.0
1353.0
1355.0
1354.0
1265.0
1377.0
1374.0
1348.0
1316.0
1339.0
1367.0
1335.0
1333.0
1381.0
1301.0
1332.0
1307.0
1320.0
1270.0
1317.0
1289.0
1325.0
1270.0
1272.0
1278.0
1313.0
1298.0
1263.0
1185.0
1340.0
1222.0
1265.0
1268.0
1279.0
1256.0
1301.0
1172.0
1257.0
1229.0
1223.0
1226.0
1247.0
1288.0
1338.0
1191.0
1177.0
1240.0
1213.0
1203.0
1235.0
1217.0
1252.0
1207.0
1293.0
1231.0
1199.0
1243.0
1202.0
1183.0
1177.0
1206.0
1253.0
1180.0
1182.0
1179.0
1145.0
1174.0
1203.0
1154.0
1175.0
1134.0
1186.0
1161.0
1216.0
1173.0
1120.0
1156.0
1140.0
1169.0
1117.0
1131.0
1126.0
1180.0
1105.0
1101.0
1195.0
1142.0
1140.0
1156.0
1076.0
1097.0
1127.0
1119.0
1112.0
1141.0
1154.0
1139.0
1114.0
1054.0
1120.0
1107.0
1147.0
1118.0
1090.0
1089.0
1071.0
1100.0
1121.0
1117.0
1063.0
1130.0
1010.0
1068.0
1034.0
1116.0
1040.0
1043.0
1015.0
1081.0
1044.0
1025.0
1069.0
1068.0
1090.0
1086.0
1092.0
1082.0
1090.0
1058.0
1035.0
1111.0
1021.0
1015.0
1038.0
1005.0
1003.0
1058.0
1048.0
1019.0
1043.0
1044.0
1042.0
1017.0
1029.0
1029.0
996.0
1009.0
995.0
1038.0
1034.0
989.0
1019.0
982.0
1020.0
1056.0
1007.0
967.0
1017.0
1033.0
1010.0
996.0
1008.0
972.0
946.0
949.0
993.0
888.0
979.0
1011.0
883.0
993.0
967.0
1042.0
944.0
952.0
949.0
960.0
908.0
966.0
980.0
942.0
925.0
957.0
956.0
993.0
933.0
912.0
945.0
916.0
941.0
880.0
955.0
924.0
997.0
928.0
958.0
953.0
962.0
929.0
954.0
917.0
955.0
926.0
926.0
913.0
940.0
959.0
933.0
879.0
889.0
893.0
932.0
876.0
954.0
911.0
881.0
915.0
902.0
907.0
862.0
914.0
860.0
867.0
861.0
821.0
852.0
860.0
905.0
889.0
840.0
880.0
824.0
866.0
865.0
838.0
869.0
841.0
876.0
854.0
868.0
843.0
838.0
857.0
863.0
889.0
835.0
855.0
832.0
789.0
837.0
830.0
799.0
872.0
810.0
860.0
828.0
835.0
847.0
860.0
866.0
816.0
835.0
834.0
812.0
789.0
875.0
774.0
834.0
857.0
764.0
815.0
813.0
845.0
797.0
839.0
842.0
796.0
826.0
787.0
756.0
744.0
816.0
814.0
813.0
802.0
804.0
798.0
772.0
758.0
811.0
781.0
770.0
784.0
773.0
807.0
802.0
807.0
768.0
794.0
765.0
784.0
725.0
750.0
711.0
748.0
763.0
739.0
745.0
748.0
794.0
742.0
815.0
785.0
786.0
708.0
781.0
756.0
736.0
771.0
725.0
733.0
760.0
763.0
691.0
725.0
726.0
770.0
754.0
753.0
694.0
757.0
679.0
767.0
747.0
700.0
772.0
715.0
715.0
718.0
689.0
751.0
743.0
686.0
737.0
710.0
733.0
689.0
736.0
708.0
719.0
687.0
688.0
699.0
704.0
702.0
711.0
704.0
668.0
701.0
689.0
721.0
712.0
724.0
730.0
725.0
634.0
736.0
752.0
728.0
702.0
718.0
692.0
687.0
683.0
691.0
694.0
671.0
672.0
712.0
656.0
638.0
676.0
622.0
601.0
706.0
665.0
647.0
656.0
644.0
714.0
677.0
664.0
609.0
658.0
703.0
675.0
696.0
628.0
633.0
612.0
637.0
667.0
659.0
660.0
621.0
611.0
664.0
651.0
639.0
613.0
647.0
640.0
621.0
613.0
619.0
580.0
627.0
688.0
680.0
658.0
677.0
660.0
640.0
646.0
626.0
636.0
633.0
629.0
649.0
612.0
640.0
656.0
627.0
618.0
609.0
603.0
549.0
588.0
562.0
589.0
617.0
571.0
574.0
586.0
633.0
627.0
619.0
627.0
660.0
584.0
600.0
580.0
614.0
624.0
568.0
613.0
580.0
607.0
573.0
611.0
605.0
567.0
546.0
561.0
585.0
594.0
578.0
617.0
583.0
635.0
614.0
569.0
626.0
617.0
598.0
526.0
614.0
563.0
564.0
575.0
575.0
605.0
590.0
598.0
579.0
609.0
555.0
576.0
538.0
538.0
621.0
565.0
569.0
528.0
565.0
563.0
599.0
580.0
559.0
603.0
551.0
574.0
517.0
533.0
541.0
541.0
524.0
512.0
578.0
551.0
496.0
545.0
519.0
553.0
555.0
548.0
517.0
566.0
533.0
579.0
587.0
537.0
521.0
534.0
561.0
523.0
558.0
545.0
563.0
511.0
503.0
535.0
514.0
553.0
478.0
548.0
473.0
511.0
516.0
506.0
479.0
499.0
522.0
495.0
506.0
502.0
511.0
559.0
464.0
468.0
511.0
500.0
524.0
515.0
526.0
492.0
474.0
492.0
542.0
509.0
518.0
474.0
522.0
479.0
487.0
472.0
545.0
515.0
501.0
507.0
505.0
484.0
483.0
477.0
553.0
485.0
442.0
505.0
500.0
470.0
506.0
487.0
489.0
462.0
477.0
497.0
517.0
499.0
493.0
484.0
507.0
482.0
490.0
498.0
486.0
518.0
449.0
484.0
487.0
501.0
473.0
498.0
481.0
484.0
468.0
473.0
480.0
475.0
440.0
450.0
491.0
481.0
473.0
465.0
492.0
444.0
459.0
474.0
455.0
471.0
464.0
425.0
457.0
428.0
464.0
433.0
446.0
456.0
454.0
506.0
460.0
429.0
511.0
449.0
462.0
454.0
401.0
485.0
420.0
500.0
480.0
475.0
449.0
440.0
434.0
435.0
442.0
480.0
421.0
446.0
455.0
463.0
441.0
416.0
403.0
455.0
426.0
442.0
444.0
465.0
428.0
401.0
431.0
388.0
432.0
440.0
429.0
459.0
420.0
429.0
433.0
427.0
450.0
417.0
431.0
440.0
415.0
453.0
406.0
422.0
405.0
413.0
411.0
384.0
410.0
413.0
400.0
416.0
404.0
401.0
428.0
407.0
394.0
420.0
461.0
368.0
454.0
426.0
410.0
410.0
425.0
456.0
387.0
412.0
434.0
430.0
417.0
395.0
407.0
409.0
425.0
364.0
407.0
369.0
401.0
382.0
408.0
382.0
389.0
399.0
407.0
379.0
419.0
419.0
394.0
390.0
413.0
386.0
387.0
390.0
379.0
395.0
427.0
417.0
384.0
371.0
389.0
399.0
412.0
400.0
414.0
399.0
400.0
371.0
400.0
392.0
382.0
380.0
390.0
431.0
380.0
387.0
360.0
412.0
367.0
371.0
384.0
393.0
391.0
376.0
390.0
388.0
367.0
368.0
418.0
362.0
378.0
368.0
380.0
355.0
342.0
354.0
328.0
342.0
358.0
370.0
388.0
365.0
348.0
373.0
356.0
361.0
319.0
378.0
351.0
414.0
342.0
357.0
343.0
354.0
370.0
349.0
362.0
357.0
348.0
370.0
361.0
378.0
354.0
372.0
352.0
361.0
339.0
366.0
366.0
334.0
351.0
386.0
319.0
357.0
302.0
340.0
361.0
356.0
336.0
312.0
349.0
347.0
338.0
322.0
365.0
337.0
343.0
340.0
326.0
365.0
349.0
337.0
326.0
328.0
368.0
324.0
339.0
330.0
324.0
330.0
352.0
322.0
340.0
313.0
319.0
359.0
320.0
345.0
351.0
354.0
339.0
332.0
310.0
329.0
355.0
328.0
307.0
317.0
292.0
331.0
333.0
333.0
317.0
320.0
334.0
348.0
312.0
320.0
322.0
311.0
305.0
344.0
325.0
335.0
341.0
304.0
295.0
316.0
310.0
335.0
332.0
326.0
306.0
317.0
320.0
345.0
354.0
309.0
300.0
308.0
328.0
326.0
313.0
353.0
328.0
327.0
336.0
319.0
302.0
314.0
306.0
321.0
282.0
318.0
306.0
322.0
278.0
304.0
285.0
284.0
315.0
293.0
282.0
294.0
298.0
318.0
284.0
281.0
331.0
294.0
289.0
295.0
309.0
280.0
301.0
292.0
308.0
279.0
287.0
309.0
279.0
282.0
296.0
304.0
290.0
284.0
271.0
328.0
303.0
334.0
286.0
318.0
308.0
273.0
246.0
294.0
297.0
283.0
299.0
287.0
250.0
285.0
284.0
260.0
286.0
310.0
282.0
285.0
283.0
284.0
287.0
273.0
281.0
297.0
263.0
280.0
269.0
292.0
262.0
293.0
284.0
283.0
294.0
279.0
265.0
289.0
269.0
252.0
281.0
251.0
285.0
259.0
277.0
274.0
250.0
268.0
262.0
251.0
279.0
277.0
258.0
279.0
251.0
245.0
251.0
286.0
269.0
269.0
287.0
269.0
281.0
235.0
273.0
252.0
259.0
266.0
268.0
251.0
264.0
299.0
270.0
269.0
295.0
254.0
279.0
271.0
269.0
266.0
274.0
266.0
267.0
205.0
247.0
255.0
274.0
272.0
244.0
284.0
238.0
253.0
255.0
264.0
242.0
272.0
260.0
254.0
244.0
245.0
259.0
250.0
252.0
242.0
252.0
256.0
232.0
277.0
271.0
248.0
261.0
273.0
247.0
253.0
285.0
248.0
232.0
252.0
270.0
246.0
274.0
261.0
256.0
233.0
265.0
261.0
244.0
264.0
275.0
240.0
249.0
243.0
246.0
279.0
247.0
239.0
263.0
229.0
245.0
237.0
225.0
216.0
254.0
227.0
226.0
235.0
251.0
237.0
234.0
217.0
238.0
243.0
236.0
248.0
225.0
251.0
244.0
222.0
230.0
235.0
222.0
213.0
216.0
215.0
230.0
242.0
217.0
222.0
204.0
246.0
222.0
235.0
251.0
211.0
239.0
221.0
225.0
232.0
235.0
220.0
207.0
214.0
269.0
224.0
236.0
208.0
233.0
222.0
226.0
226.0
214.0
219.0
231.0
203.0
231.0
238.0
237.0
226.0
216.0
220.0
234.0
227.0
222.0
199.0
218.0
199.0
245.0
254.0
220.0
224.0
203.0
215.0
193.0
218.0
198.0
217.0
219.0
194.0
214.0
227.0
216.0
218.0
208.0
203.0
215.0
210.0
220.0
195.0
200.0
233.0
205.0
192.0
207.0
220.0
226.0
248.0
226.0
222.0
187.0
204.0
224.0
199.0
224.0
199.0
210.0
220.0
210.0
183.0
204.0
208.0
215.0
231.0
206.0
183.0
216.0
220.0
205.0
196.0
203.0
214.0
212.0
207.0
225.0
203.0
216.0
192.0
204.0
212.0
219.0
186.0
223.0
205.0
207.0
209.0
202.0
196.0
219.0
188.0
195.0
143.0
200.0
197.0
207.0
197.0
188.0
198.0
204.0
198.0
170.0
201.0
190.0
197.0
197.0
191.0
207.0
207.0
191.0
191.0
185.0
222.0
205.0
187.0
200.0
204.0
174.0
176.0
191.0
188.0
204.0
246.0
189.0
183.0
219.0
220.0
202.0
176.0
191.0
174.0
199.0
208.0
169.0
176.0
188.0
194.0
160.0
197.0
183.0
184.0
152.0
191.0
183.0
187.0
180.0
208.0
182.0
192.0
163.0
199.0
169.0
194.0
167.0
180.0
194.0
169.0
176.0
186.0
184.0
181.0
195.0
177.0
174.0
157.0
167.0
199.0
204.0
190.0
180.0
175.0
188.0
178.0
179.0
212.0
173.0
184.0
167.0
179.0
179.0
186.0
191.0
170.0
175.0
177.0
179.0
156.0
150.0
180.0
160.0
177.0
194.0
170.0
194.0
184.0
191.0
148.0
192.0
175.0
162.0
174.0
186.0
169.0
176.0
193.0
166.0
181.0
179.0
171.0
185.0
172.0
168.0
173.0
166.0
201.0
184.0
185.0
166.0
166.0
161.0
191.0
176.0
152.0
171.0
169.0
174.0
184.0
151.0
164.0
157.0
161.0
149.0
138.0
174.0
180.0
165.0
161.0
161.0
156.0
171.0
195.0
185.0
168.0
165.0
143.0
185.0
172.0
164.0
154.0
165.0
180.0
149.0
155.0
167.0
166.0
167.0
174.0
186.0
157.0
157.0
155.0
151.0
159.0
167.0
153.0
140.0
158.0
146.0
172.0
185.0
139.0
177.0
162.0
154.0
164.0
169.0
163.0
149.0
159.0
156.0
151.0
146.0
183.0
146.0
162.0
164.0
155.0
167.0
170.0
147.0
142.0
157.0
155.0
176.0
166.0
183.0
139.0
146.0
166.0
167.0
172.0
151.0
154.0
142.0
159.0
140.0
143.0
153.0
149.0
154.0
131.0
150.0
161.0
149.0
148.0
142.0
170.0
151.0
175.0
140.0
140.0
156.0
178.0
152.0
149.0
162.0
140.0
154.0
139.0
127.0
145.0
145.0
150.0
153.0
116.0
150.0
147.0
140.0
172.0
139.0
149.0
151.0
127.0
132.0
150.0
125.0
129.0
161.0
125.0
130.0
131.0
139.0
145.0
154.0
143.0
129.0
155.0
137.0
146.0
144.0
121.0
134.0
138.0
145.0
165.0
136.0
144.0
146.0
145.0
144.0
141.0
138.0
141.0
132.0
140.0
120.0
144.0
138.0
150.0
150.0
139.0
150.0
131.0
148.0
129.0
117.0
136.0
143.0
136.0
126.0
142.0
141.0
165.0
134.0
142.0
132.0
126.0
124.0
127.0
116.0
146.0
124.0
120.0
139.0
136.0
124.0
124.0
131.0
126.0
140.0
125.0
119.0
145.0
140.0
155.0
136.0
147.0
134.0
126.0
127.0
124.0
148.0
130.0
126.0
152.0
141.0
130.0
128.0
156.0
158.0
128.0
140.0
132.0
131.0
144.0
127.0
118.0
127.0
131.0
118.0
127.0
119.0
137.0
110.0
159.0
119.0
118.0
140.0
118.0
119.0
114.0
117.0
133.0
147.0
104.0
128.0
149.0
127.0
128.0
143.0
125.0
123.0
118.0
117.0
101.0
139.0
114.0
118.0
122.0
122.0
126.0
109.0
121.0
117.0
122.0
109.0
132.0
113.0
121.0
137.0
112.0
131.0
125.0
131.0
133.0
101.0
142.0
123.0
110.0
128.0
127.0
114.0
124.0
115.0
114.0
105.0
116.0
124.0
108.0
121.0
114.0
106.0
128.0
126.0
105.0
114.0
111.0
128.0
140.0
107.0
132.0
111.0
134.0
122.0
128.0
110.0
145.0
109.0
97.0
113.0
117.0
138.0
118.0
108.0
136.0
106.0
131.0
119.0
104.0
107.0
103.0
106.0
117.0
119.0
92.0
119.0
114.0
104.0
107.0
108.0
121.0
106.0
123.0
128.0
134.0
117.0
110.0
117.0
119.0
106.0
121.0
131.0
120.0
126.0
114.0
109.0
121.0
106.0
104.0
107.0
113.0
122.0
116.0
100.0
119.0
109.0
97.0
109.0
111.0
115.0
95.0
124.0
109.0
111.0
129.0
113.0
126.0
118.0
116.0
100.0
108.0
116.0
96.0
122.0
118.0
97.0
100.0
108.0
112.0
111.0
89.0
106.0
110.0
122.0
105.0
86.0
83.0
128.0
104.0
113.0
110.0
111.0
97.0
94.0
105.0
87.0
119.0
115.0
96.0
115.0
92.0
98.0
112.0
105.0
100.0
83.0
106.0
106.0
105.0
97.0
97.0
120.0
102.0
105.0
99.0
105.0
105.0
100.0
110.0
89.0
99.0
99.0
113.0
99.0
122.0
101.0
96.0
107.0
88.0
107.0
100.0
117.0
100.0
110.0
85.0
100.0
107.0
92.0
101.0
100.0
88.0
105.0
97.0
115.0
92.0
112.0
89.0
104.0
109.0
112.0
84.0
88.0
86.0
90.0
96.0
100.0
130.0
114.0
105.0
107.0
98.0
86.0
92.0
119.0
98.0
97.0
99.0
87.0
95.0
104.0
98.0
94.0
96.0
99.0
98.0
91.0
98.0
97.0
88.0
85.0
71.0
98.0
105.0
90.0
97.0
86.0
107.0
110.0
84.0
107.0
92.0
101.0
100.0
94.0
75.0
92.0
109.0
88.0
98.0
80.0
81.0
99.0
92.0
96.0
99.0
108.0
87.0
94.0
87.0
99.0
101.0
97.0
96.0
87.0
94.0
90.0
83.0
89.0
79.0
99.0
78.0
95.0
80.0
76.0
103.0
92.0
93.0
92.0
87.0
96.0
88.0
80.0
92.0
89.0
89.0
109.0
118.0
81.0
88.0
94.0
91.0
104.0
97.0
92.0
91.0
110.0
93.0
109.0
84.0
91.0
98.0
88.0
92.0
96.0
85.0
90.0
90.0
93.0
81.0
91.0
96.0
82.0
105.0
96.0
92.0
91.0
85.0
88.0
79.0
86.0
69.0
89.0
94.0
116.0
85.0
82.0
89.0
87.0
95.0
85.0
86.0
85.0
90.0
91.0
87.0
98.0
101.0
86.0
96.0
75.0
98.0
83.0
98.0
77.0
79.0
85.0
95.0
84.0
73.0
89.0
97.0
96.0
81.0
76.0
92.0
89.0
80.0
94.0
84.0
108.0
102.0
84.0
89.0
88.0
90.0
74.0
73.0
95.0
98.0
85.0
92.0
92.0
83.0
89.0
91.0
90.0
72.0
89.0
83.0
86.0
92.0
82.0
76.0
73.0
67.0
76.0
82.0
88.0
87.0
82.0
73.0
67.0
72.0
93.0
90.0
83.0
80.0
81.0
83.0
66.0
84.0
86.0
74.0
72.0
72.0
77.0
77.0
78.0
80.0
94.0
91.0
91.0
74.0
77.0
82.0
69.0
69.0
80.0
63.0
75.0
85.0
79.0
82.0
79.0
79.0
77.0
73.0
82.0
82.0
77.0
78.0
68.0
76.0
79.0
86.0
65.0
71.0
81.0
74.0
70.0
63.0
86.0
85.0
88.0
71.0
81.0
85.0
88.0
86.0
62.0
82.0
78.0
79.0
74.0
72.0
77.0
62.0
74.0
95.0
69.0
83.0
84.0
70.0
88.0
69.0
66.0
75.0
57.0
68.0
75.0
75.0
73.0
73.0
75.0
68.0
65.0
74.0
72.0
80.0
79.0
75.0
79.0
81.0
75.0
76.0
64.0
70.0
76.0
59.0
72.0
77.0
81.0
70.0
73.0
65.0
76.0
67.0
72.0
68.0
61.0
76.0
92.0
65.0
79.0
77.0
67.0
95.0
72.0
85.0
69.0
72.0
68.0
52.0
66.0
68.0
70.0
84.0
74.0
61.0
78.0
73.0
71.0
73.0
54.0
56.0
62.0
68.0
78.0
72.0
78.0
67.0
64.0
73.0
90.0
72.0
70.0
71.0
66.0
71.0
76.0
73.0
75.0
65.0
84.0
62.0
69.0
68.0
67.0
63.0
55.0
62.0
76.0
70.0
67.0
63.0
65.0
63.0
64.0
75.0
75.0
89.0
67.0
71.0
77.0
71.0
81.0
78.0
62.0
72.0
67.0
81.0
59.0
75.0
69.0
68.0
67.0
68.0
64.0
59.0
78.0
65.0
68.0
75.0
64.0
67.0
72.0
73.0
64.0
69.0
53.0
67.0
67.0
64.0
67.0
70.0
59.0
71.0
59.0
69.0
78.0
61.0
73.0
69.0
66.0
65.0
66.0
63.0
48.0
65.0
67.0
64.0
72.0
50.0
61.0
62.0
65.0
60.0
53.0
63.0
56.0
74.0
64.0
64.0
70.0
72.0
77.0
68.0
68.0
62.0
59.0
55.0
65.0
56.0
76.0
45.0
70.0
63.0
70.0
67.0
52.0
47.0
71.0
66.0
64.0
48.0
71.0
70.0
62.0
64.0
52.0
60.0
53.0
73.0
73.0
76.0
63.0
60.0
68.0
61.0
66.0
67.0
60.0
66.0
67.0
66.0
53.0
63.0
58.0
56.0
58.0
64.0
61.0
65.0
67.0
56.0
61.0
63.0
58.0
61.0
60.0
53.0
49.0
48.0
58.0
60.0
52.0
58.0
59.0
48.0
63.0
50.0
68.0
49.0
67.0
71.0
54.0
36.0
58.0
63.0
57.0
63.0
45.0
60.0
57.0
68.0
52.0
68.0
63.0
59.0
63.0
58.0
63.0
54.0
62.0
59.0
57.0
63.0
48.0
57.0
59.0
60.0
59.0
62.0
50.0
52.0
54.0
55.0
57.0
57.0
45.0
64.0
52.0
54.0
57.0
59.0
60.0
64.0
40.0
63.0
56.0
63.0
54.0
59.0
50.0
62.0
59.0
58.0
54.0
67.0
59.0
54.0
39.0
56.0
53.0
62.0
63.0
49.0
56.0
49.0
49.0
58.0
68.0
47.0
57.0
67.0
61.0
61.0
60.0
54.0
57.0
62.0
39.0
57.0
55.0
61.0
42.0
82.0
51.0
72.0
46.0
48.0
55.0
63.0
48.0
54.0
54.0
54.0
51.0
64.0
51.0
63.0
60.0
60.0
64.0
64.0
62.0
66.0
59.0
47.0
54.0
67.0
35.0
53.0
47.0
55.0
57.0
49.0
56.0
61.0
52.0
46.0
59.0
48.0
53.0
63.0
54.0
59.0
55.0
46.0
54.0
56.0
57.0
62.0
55.0
41.0
60.0
51.0
57.0
49.0
40.0
56.0
60.0
61.0
59.0
54.0
51.0
49.0
56.0
50.0
50.0
54.0
48.0
51.0
62.0
50.0
49.0
58.0
50.0
48.0
44.0
52.0
41.0
66.0
55.0
49.0
45.0
34.0
56.0
58.0
57.0
44.0
43.0
52.0
66.0
48.0
51.0
59.0
51.0
50.0
49.0
40.0
42.0
57.0
50.0
61.0
58.0
42.0
48.0
53.0
42.0
52.0
57.0
52.0
66.0
63.0
48.0
45.0
48.0
47.0
46.0
61.0
39.0
59.0
46.0
53.0
48.0
57.0
38.0
43.0
49.0
58.0
56.0
41.0
48.0
40.0
47.0
48.0
64.0
50.0
40.0
46.0
45.0
46.0
43.0
45.0
49.0
50.0
48.0
48.0
46.0
44.0
51.0
48.0
48.0
60.0
56.0
44.0
41.0
47.0
35.0
51.0
45.0
44.0
52.0
49.0
53.0
44.0
47.0
46.0
59.0
49.0
48.0
47.0
50.0
54.0
51.0
42.0
53.0
43.0
40.0
47.0
41.0
47.0
40.0
41.0
42.0
52.0
38.0
51.0
57.0
41.0
36.0
43.0
40.0
44.0
50.0
47.0
35.0
50.0
42.0
32.0
49.0
45.0
38.0
37.0
50.0
42.0
56.0
65.0
46.0
53.0
42.0
45.0
41.0
48.0
45.0
33.0
42.0
51.0
49.0
49.0
47.0
46.0
37.0
39.0
35.0
46.0
46.0
38.0
46.0
52.0
37.0
54.0
45.0
44.0
47.0
42.0
50.0
44.0
38.0
51.0
30.0
36.0
44.0
55.0
42.0
40.0
34.0
44.0
50.0
44.0
55.0
42.0
33.0
35.0
48.0
55.0
41.0
38.0
38.0
35.0
58.0
43.0
34.0
42.0
35.0
41.0
36.0
46.0
43.0
32.0
43.0
41.0
41.0
35.0
50.0
49.0
32.0
46.0
36.0
39.0
36.0
42.0
44.0
41.0
49.0
39.0
44.0
42.0
40.0
56.0
40.0
43.0
45.0
48.0
42.0
42.0
49.0
49.0
38.0
42.0
33.0
41.0
38.0
49.0
42.0
34.0
44.0
44.0
37.0
43.0
44.0
46.0
54.0
28.0
41.0
47.0
32.0
41.0
35.0
35.0
28.0
43.0
35.0
39.0
45.0
29.0
34.0
46.0
35.0
43.0
48.0
30.0
42.0
31.0
38.0
52.0
40.0
34.0
42.0
37.0
40.0
42.0
39.0
47.0
37.0
40.0
33.0
36.0
44.0
43.0
31.0
30.0
39.0
36.0
37.0
41.0
38.0
46.0
39.0
29.0
39.0
34.0
37.0
44.0
30.0
43.0
39.0
42.0
42.0
34.0
51.0
41.0
39.0
46.0
40.0
40.0
28.0
43.0
33.0
38.0
30.0
37.0
39.0
37.0
42.0
31.0
35.0
41.0
40.0
33.0
41.0
41.0
47.0
40.0
44.0
39.0
37.0
45.0
35.0
45.0
46.0
45.0
35.0
24.0
42.0
45.0
44.0
30.0
38.0
38.0
38.0
48.0
44.0
38.0
34.0
24.0
47.0
37.0
39.0
33.0
49.0
42.0
38.0
36.0
24.0
37.0
37.0
33.0
32.0
37.0
43.0
31.0
31.0
36.0
37.0
30.0
32.0
38.0
40.0
24.0
25.0
37.0
41.0
36.0
26.0
36.0
35.0
43.0
35.0
34.0
38.0
40.0
40.0
54.0
37.0
39.0
36.0
43.0
33.0
40.0
43.0
35.0
29.0
39.0
37.0
30.0
42.0
30.0
50.0
39.0
27.0
51.0
33.0
28.0
39.0
36.0
35.0
35.0
31.0
44.0
29.0
31.0
39.0
39.0
36.0
33.0
39.0
41.0
33.0
34.0
34.0
35.0
29.0
25.0
31.0
31.0
33.0
41.0
35.0
27.0
43.0
28.0
33.0
40.0
37.0
33.0
31.0
46.0
36.0
34.0
29.0
26.0
30.0
32.0
41.0
44.0
37.0
34.0
37.0
34.0
27.0
42.0
33.0
32.0
29.0
35.0
18.0
34.0
26.0
32.0
48.0
32.0
32.0
35.0
34.0
31.0
29.0
24.0
34.0
31.0
25.0
34.0
32.0
30.0
26.0
34.0
44.0
31.0
35.0
24.0
25.0
24.0
22.0
28.0
33.0
32.0
23.0
33.0
32.0
29.0
38.0
25.0
31.0
45.0
35.0
33.0
30.0
23.0
35.0
30.0
30.0
32.0
26.0
34.0
42.0
25.0
32.0
29.0
19.0
30.0
39.0
32.0
27.0
34.0
32.0
40.0
32.0
48.0
34.0
36.0
32.0
34.0
32.0
32.0
20.0
32.0
26.0
25.0
47.0
32.0
33.0
43.0
32.0
33.0
31.0
41.0
28.0
25.0
26.0
28.0
32.0
27.0
35.0
28.0
31.0
28.0
34.0
29.0
28.0
35.0
40.0
31.0
31.0
24.0
32.0
34.0
28.0
32.0
25.0
33.0
32.0
29.0
31.0
28.0
34.0
28.0
25.0
31.0
31.0
34.0
33.0
34.0
31.0
26.0
30.0
29.0
31.0
26.0
30.0
38.0
32.0
28.0
24.0
28.0
32.0
26.0
22.0
28.0
31.0
36.0
29.0
32.0
33.0
33.0
25.0
32.0
24.0
40.0
38.0
31.0
18.0
28.0
21.0
29.0
33.0
23.0
29.0
18.0
33.0
40.0
40.0
31.0
25.0
24.0
35.0
18.0
28.0
36.0
31.0
36.0
34.0
25.0
30.0
29.0
32.0
26.0
35.0
36.0
29.0
14.0
33.0
27.0
19.0
30.0
32.0
25.0
25.0
23.0
39.0
30.0
35.0
24.0
25.0
33.0
27.0
28.0
33.0
26.0
29.0
32.0
26.0
40.0
25.0
28.0
34.0
29.0
34.0
25.0
28.0
31.0
28.0
28.0
28.0
31.0
30.0
25.0
28.0
33.0
24.0
15.0
20.0
28.0
25.0
26.0
27.0
25.0
31.0
28.0
25.0
32.0
32.0
28.0
28.0
29.0
24.0
25.0
26.0
29.0
26.0
21.0
30.0
29.0
22.0
25.0
37.0
31.0
31.0
27.0
25.0
27.0
32.0
26.0
32.0
29.0
24.0
20.0
34.0
23.0
28.0
25.0
35.0
27.0
17.0
38.0
29.0
17.0
21.0
29.0
22.0
32.0
28.0
21.0
30.0
16.0
29.0
35.0
26.0
27.0
33.0
28.0
29.0
33.0
36.0
23.0
15.0
21.0
27.0
20.0
31.0
22.0
29.0
38.0
25.0
25.0
28.0
25.0
19.0
16.0
32.0
32.0
23.0
28.0
28.0
26.0
26.0
38.0
24.0
28.0
31.0
29.0
24.0
30.0
26.0
19.0
27.0
33.0
27.0
25.0
18.0
29.0
34.0
27.0
28.0
31.0
25.0
29.0
26.0
21.0
26.0
24.0
18.0
26.0
24.0
35.0
31.0
28.0
36.0
21.0
26.0
29.0
19.0
22.0
24.0
28.0
27.0
25.0
30.0
22.0
30.0
18.0
29.0
20.0
25.0
22.0
14.0
28.0
21.0
23.0
22.0
23.0
19.0
31.0
29.0
26.0
25.0
18.0
19.0
30.0
27.0
24.0
28.0
20.0
18.0
19.0
30.0
26.0
29.0
26.0
23.0
23.0
31.0
30.0
21.0
22.0
26.0
36.0
25.0
27.0
29.0
24.0
25.0
20.0
19.0
19.0
27.0
22.0
32.0
17.0
19.0
28.0
25.0
36.0
30.0
17.0
20.0
20.0
22.0
20.0
29.0
24.0
32.0
35.0
28.0
24.0
28.0
19.0
28.0
26.0
24.0
21.0
23.0
19.0
20.0
30.0
22.0
19.0
30.0
23.0
35.0
19.0
34.0
21.0
25.0
26.0
24.0
25.0
24.0
28.0
17.0
24.0
28.0
21.0
25.0
17.0
22.0
24.0
24.0
24.0
22.0
34.0
31.0
30.0
24.0
24.0
17.0
20.0
23.0
21.0
17.0
15.0
15.0
18.0
22.0
28.0
28.0
26.0
21.0
28.0
28.0
17.0
17.0
25.0
24.0
19.0
24.0
25.0
20.0
21.0
25.0
25.0
19.0
21.0
26.0
24.0
27.0
23.0
19.0
23.0
20.0
22.0
26.0
26.0
12.0
20.0
31.0
17.0
20.0
25.0
21.0
20.0
12.0
23.0
26.0
25.0
23.0
23.0
22.0
35.0
29.0
19.0
28.0
25.0
22.0
26.0
21.0
27.0
26.0
19.0
24.0
18.0
22.0
28.0
21.0
24.0
22.0
22.0
25.0
17.0
23.0
27.0
17.0
19.0
17.0
25.0
16.0
23.0
9.0
24.0
18.0
24.0
26.0
19.0
22.0
13.0
25.0
22.0
17.0
24.0
24.0
25.0
26.0
22.0
26.0
28.0
16.0
20.0
23.0
26.0
17.0
26.0
22.0
21.0
22.0
33.0
24.0
30.0
20.0
31.0
22.0
31.0
25.0
28.0
15.0
21.0
27.0
21.0
22.0
17.0
27.0
19.0
22.0
16.0
19.0
24.0
21.0
15.0
27.0
16.0
21.0
10.0
21.0
20.0
18.0
18.0
19.0
17.0
18.0
23.0
18.0
21.0
24.0
21.0
14.0
13.0
24.0
20.0
26.0
21.0
19.0
27.0
25.0
29.0
23.0
10.0
17.0
24.0
21.0
24.0
21.0
18.0
23.0
17.0
21.0
22.0
23.0
21.0
18.0
21.0
17.0
22.0
17.0
14.0
25.0
22.0
16.0
29.0
24.0
25.0
7.0
20.0
20.0
22.0
25.0
18.0
20.0
22.0
18.0
21.0
14.0
15.0
20.0
18.0
29.0
17.0
18.0
27.0
20.0
15.0
22.0
22.0
18.0
27.0
21.0
15.0
14.0
20.0
19.0
23.0
18.0
24.0
18.0
20.0
21.0
21.0
20.0
8.0
16.0
23.0
16.0
16.0
21.0
19.0
20.0
18.0
16.0
16.0
23.0
19.0
17.0
17.0
24.0
21.0
20.0
20.0
19.0
22.0
16.0
20.0
13.0
20.0
17.0
25.0
18.0
18.0
21.0
20.0
14.0
18.0
13.0
17.0
18.0
25.0
19.0
17.0
19.0
17.0
17.0
27.0
20.0
19.0
19.0
20.0
13.0
13.0
16.0
13.0
20.0
15.0
23.0
17.0
16.0
18.0
19.0
12.0
12.0
15.0
21.0
21.0
26.0
22.0
18.0
16.0
18.0
20.0
19.0
23.0
18.0
21.0
15.0
19.0
20.0
25.0
19.0
12.0
18.0
19.0
14.0
14.0
27.0
19.0
23.0
22.0
16.0
19.0
15.0
22.0
21.0
17.0
13.0
16.0
12.0
19.0
19.0
19.0
18.0
20.0
23.0
19.0
17.0
15.0
20.0
22.0
21.0
17.0
16.0
19.0
13.0
19.0
26.0
19.0
18.0
11.0
18.0
18.0
18.0
18.0
11.0
18.0
22.0
20.0
17.0
18.0
17.0
21.0
17.0
19.0
14.0
13.0
25.0
25.0
27.0
13.0
22.0
20.0
19.0
20.0
21.0
15.0
17.0
20.0
15.0
20.0
26.0
19.0
18.0
18.0
14.0
23.0
20.0
16.0
25.0
14.0
22.0
16.0
18.0
18.0
15.0
13.0
22.0
23.0
19.0
20.0
18.0
20.0
19.0
26.0
19.0
13.0
19.0
18.0
21.0
18.0
9.0
16.0
21.0
18.0
18.0
19.0
19.0
18.0
34.0
26.0
20.0
17.0
9.0
16.0
15.0
17.0
17.0
17.0
13.0
18.0
17.0
17.0
14.0
20.0
18.0
21.0
16.0
16.0
17.0
12.0
25.0
13.0
13.0
16.0
11.0
17.0
16.0
18.0
15.0
17.0
16.0
18.0
10.0
20.0
22.0
6.0
15.0
19.0
14.0
4.0
21.0
20.0
16.0
16.0
24.0
17.0
14.0
18.0
18.0
17.0
20.0
17.0
17.0
24.0
15.0
11.0
22.0
12.0
14.0
14.0
16.0
14.0
17.0
17.0
11.0
24.0
15.0
16.0
21.0
14.0
21.0
18.0
17.0
24.0
17.0
11.0
23.0
18.0
20.0
23.0
12.0
17.0
18.0
10.0
22.0
13.0
21.0
20.0
17.0
17.0
19.0
16.0
16.0
10.0
20.0
19.0
17.0
16.0
21.0
13.0
26.0
13.0
16.0
17.0
22.0
19.0
7.0
17.0
16.0
21.0
20.0
20.0
16.0
16.0
15.0
18.0
13.0
19.0
19.0
16.0
20.0
12.0
17.0
16.0
14.0
18.0
19.0
16.0
22.0
11.0
14.0
17.0
16.0
16.0
16.0
18.0
1.0
24.0
13.0
16.0
19.0
26.0
15.0
15.0
15.0
13.0
17.0
17.0
21.0
16.0
14.0
14.0
16.0
17.0
14.0
24.0
16.0
22.0
16.0
17.0
22.0
28.0
14.0
18.0
17.0
15.0
18.0
15.0
19.0
13.0
28.0
15.0
21.0
11.0
19.0
12.0
17.0
16.0
16.0
15.0
15.0
11.0
14.0
17.0
21.0
12.0
16.0
18.0
17.0
16.0
21.0
13.0
16.0
20.0
18.0
8.0
13.0
19.0
12.0
19.0
7.0
16.0
6.0
12.0
18.0
13.0
14.0
16.0
13.0
13.0
14.0
19.0
15.0
16.0
16.0
15.0
9.0
15.0
9.0
12.0
10.0
11.0
9.0
15.0
13.0
15.0
17.0
11.0
10.0
24.0
17.0
18.0
12.0
18.0
16.0
17.0
13.0
17.0
16.0
17.0
11.0
16.0
13.0
21.0
14.0
15.0
15.0
13.0
21.0
11.0
5.0
12.0
17.0
15.0
13.0
14.0
14.0
14.0
17.0
12.0
20.0
18.0
6.0
13.0
15.0
19.0
25.0
18.0
29.0
16.0
15.0
12.0
20.0
15.0
19.0
15.0
13.0
14.0
21.0
13.0
13.0
12.0
14.0
10.0
16.0
11.0
13.0
18.0
24.0
11.0
9.0
21.0
14.0
15.0
13.0
15.0
15.0
12.0
14.0
17.0
18.0
15.0
11.0
9.0
14.0
19.0
10.0
19.0
22.0
18.0
8.0
21.0
13.0
12.0
11.0
9.0
7.0
20.0
18.0
14.0
10.0
18.0
14.0
19.0
13.0
9.0
15.0
10.0
11.0
9.0
16.0
17.0
17.0
11.0
14.0
15.0
20.0
13.0
12.0
8.0
17.0
16.0
17.0
10.0
18.0
9.0
13.0
14.0
9.0
13.0
14.0
13.0
15.0
17.0
13.0
16.0
14.0
15.0
18.0
14.0
7.0
15.0
14.0
12.0
12.0
14.0
19.0
17.0
19.0
11.0
4.0
9.0
18.0
14.0
14.0
19.0
19.0
18.0
14.0
7.0
13.0
12.0
21.0
10.0
18.0
17.0
9.0
20.0
13.0
14.0
14.0
14.0
9.0
15.0
13.0
12.0
19.0
17.0
14.0
8.0
15.0
16.0
11.0
14.0
16.0
13.0
19.0
17.0
13.0
16.0
14.0
14.0
17.0
16.0
23.0
10.0
16.0
6.0
7.0
13.0
8.0
15.0
10.0
15.0
13.0
9.0
18.0
19.0
18.0
3.0
13.0
9.0
20.0
14.0
13.0
10.0
15.0
13.0
20.0
7.0
13.0
9.0
15.0
12.0
14.0
20.0
12.0
11.0
10.0
18.0
12.0
11.0
19.0
10.0
13.0
14.0
22.0
15.0
11.0
9.0
13.0
13.0
8.0
12.0
16.0
20.0
15.0
16.0
17.0
16.0
13.0
22.0
15.0
14.0
17.0
12.0
15.0
12.0
13.0
15.0
15.0
6.0
16.0
12.0
9.0
15.0
11.0
12.0
16.0
13.0
19.0
12.0
14.0
14.0
9.0
11.0
13.0
9.0
16.0
13.0
18.0
13.0
17.0
12.0
13.0
8.0
17.0
12.0
7.0
21.0
11.0
10.0
10.0
10.0
8.0
7.0
14.0
14.0
13.0
20.0
13.0
11.0
19.0
13.0
13.0
14.0
18.0
17.0
12.0
12.0
9.0
13.0
15.0
20.0
15.0
15.0
13.0
8.0
10.0
12.0
18.0
10.0
14.0
13.0
12.0
9.0
15.0
18.0
13.0
12.0
11.0
8.0
12.0
13.0
16.0
17.0
5.0
14.0
12.0
12.0
11.0
9.0
14.0
12.0
12.0
11.0
12.0
12.0
14.0
7.0
11.0
11.0
7.0
12.0
15.0
9.0
15.0
14.0
9.0
15.0
12.0
21.0
10.0
5.0
11.0
13.0
12.0
11.0
12.0
21.0
11.0
16.0
12.0
12.0
6.0
13.0
14.0
16.0
11.0
12.0
12.0
8.0
14.0
8.0
8.0
12.0
16.0
9.0
14.0
11.0
12.0
11.0
13.0
7.0
12.0
10.0
10.0
5.0
13.0
16.0
8.0
11.0
15.0
9.0
8.0
14.0
5.0
10.0
9.0
11.0
11.0
13.0
11.0
11.0
11.0
8.0
7.0
13.0
16.0
10.0
14.0
14.0
19.0
10.0
10.0
13.0
16.0
11.0
13.0
11.0
13.0
11.0
12.0
11.0
12.0
14.0
12.0
11.0
14.0
11.0
13.0
13.0
8.0
14.0
14.0
9.0
10.0
19.0
12.0
15.0
17.0
12.0
13.0
12.0
13.0
7.0
11.0
8.0
12.0
7.0
14.0
14.0
4.0
11.0
14.0
5.0
9.0
9.0
15.0
8.0
12.0
14.0
13.0
14.0
14.0
12.0
8.0
10.0
12.0
14.0
14.0
16.0
11.0
10.0
8.0
18.0
10.0
14.0
12.0
8.0
12.0
9.0
12.0
16.0
13.0
7.0
9.0
12.0
14.0
3.0
10.0
9.0
12.0
6.0
13.0
14.0
11.0
6.0
10.0
14.0
10.0
11.0
15.0
11.0
11.0
9.0
16.0
17.0
10.0
9.0
10.0
16.0
12.0
15.0
17.0
9.0
14.0
11.0
11.0
17.0
14.0
8.0
9.0
9.0
14.0
13.0
12.0
17.0
7.0
11.0
10.0
12.0
12.0
14.0
13.0
12.0
8.0
21.0
16.0
7.0
11.0
7.0
8.0
8.0
15.0
10.0
13.0
5.0
16.0
12.0
7.0
19.0
15.0
14.0
12.0
13.0
5.0
11.0
15.0
11.0
14.0
11.0
12.0
10.0
14.0
10.0
15.0
13.0
12.0
17.0
11.0
15.0
13.0
8.0
10.0
10.0
11.0
10.0
8.0
13.0
8.0
12.0
8.0
13.0
11.0
12.0
11.0
11.0
9.0
16.0
13.0
17.0
9.0
7.0
12.0
15.0
8.0
13.0
9.0
11.0
7.0
15.0
6.0
10.0
8.0
5.0
7.0
5.0
11.0
15.0
12.0
9.0
12.0
11.0
9.0
11.0
12.0
11.0
16.0
12.0
7.0
9.0
7.0
11.0
11.0
9.0
15.0
10.0
10.0
11.0
11.0
6.0
12.0
10.0
6.0
10.0
11.0
15.0
5.0
9.0
7.0
16.0
12.0
8.0
4.0
9.0
12.0
15.0
16.0
10.0
16.0
6.0
10.0
11.0
15.0
13.0
9.0
11.0
9.0
10.0
15.0
10.0
16.0
12.0
12.0
11.0
7.0
13.0
8.0
12.0
9.0
10.0
10.0
14.0
2.0
6.0
11.0
8.0
3.0
10.0
9.0
12.0
9.0
13.0
12.0
12.0
14.0
16.0
6.0
8.0
15.0
14.0
8.0
13.0
12.0
10.0
6.0
12.0
7.0
11.0
11.0
10.0
10.0
13.0
11.0
10.0
10.0
7.0
8.0
9.0
9.0
12.0
14.0
11.0
6.0
8.0
8.0
12.0
10.0
5.0
8.0
13.0
10.0
10.0
14.0
16.0
9.0
14.0
13.0
8.0
7.0
16.0
10.0
10.0
12.0
9.0
5.0
10.0
11.0
10.0
10.0
10.0
16.0
10.0
10.0
10.0
13.0
7.0
6.0
10.0
13.0
11.0
5.0
4.0
11.0
12.0
6.0
8.0
11.0
8.0
9.0
10.0
9.0
7.0
8.0
10.0
10.0
10.0
13.0
9.0
8.0
4.0
7.0
11.0
6.0
11.0
5.0
9.0
11.0
9.0
15.0
7.0
14.0
4.0
9.0
6.0
7.0
10.0
6.0
7.0
12.0
8.0
8.0
10.0
13.0
14.0
15.0
7.0
6.0
9.0
6.0
16.0
7.0
9.0
14.0
13.0
18.0
7.0
9.0
12.0
9.0
10.0
12.0
15.0
10.0
8.0
15.0
10.0
8.0
10.0
11.0
13.0
6.0
7.0
10.0
10.0
10.0
10.0
9.0
11.0
16.0
16.0
13.0
8.0
16.0
10.0
10.0
9.0
12.0
16.0
7.0
9.0
6.0
10.0
9.0
10.0
6.0
12.0
3.0
9.0
11.0
7.0
10.0
10.0
16.0
13.0
14.0
10.0
11.0
10.0
8.0
10.0
13.0
10.0
8.0
16.0
12.0
9.0
14.0
10.0
10.0
10.0
6.0
10.0
9.0
8.0
11.0
13.0
11.0
11.0
10.0
10.0
7.0
4.0
6.0
3.0
8.0
9.0
9.0
12.0
10.0
7.0
6.0
4.0
6.0
9.0
13.0
10.0
11.0
8.0
9.0
9.0
14.0
9.0
8.0
14.0
11.0
2.0
9.0
9.0
5.0
9.0
8.0
11.0
15.0
9.0
12.0
9.0
8.0
8.0
9.0
9.0
6.0
9.0
7.0
8.0
7.0
14.0
7.0
6.0
8.0
7.0
9.0
9.0
9.0
10.0
9.0
9.0
9.0
12.0
6.0
10.0
11.0
9.0
20.0
6.0
10.0
9.0
8.0
9.0
9.0
10.0
8.0
4.0
12.0
3.0
11.0
9.0
5.0
5.0
10.0
8.0
8.0
10.0
10.0
11.0
9.0
16.0
7.0
12.0
3.0
7.0
9.0
9.0
7.0
2.0
13.0
8.0
10.0
6.0
7.0
11.0
9.0
9.0
6.0
3.0
9.0
10.0
12.0
3.0
10.0
8.0
7.0
9.0
5.0
7.0
8.0
6.0
7.0
12.0
7.0
7.0
7.0
10.0
13.0
9.0
7.0
9.0
8.0
4.0
9.0
12.0
10.0
7.0
9.0
8.0
10.0
10.0
13.0
12.0
12.0
8.0
12.0
9.0
8.0
11.0
5.0
10.0
9.0
6.0
9.0
8.0
12.0
9.0
16.0
12.0
11.0
14.0
7.0
12.0
9.0
10.0
10.0
11.0
10.0
13.0
10.0
8.0
9.0
11.0
12.0
10.0
7.0
7.0
12.0
9.0
10.0
8.0
10.0
9.0
10.0
5.0
6.0
9.0
4.0
12.0
14.0
6.0
9.0
6.0
9.0
9.0
14.0
15.0
9.0
10.0
5.0
7.0
9.0
5.0
11.0
8.0
5.0
13.0
10.0
9.0
6.0
9.0
11.0
9.0
9.0
10.0
7.0
2.0
7.0
11.0
7.0
2.0
8.0
14.0
9.0
12.0
9.0
4.0
5.0
5.0
9.0
4.0
8.0
11.0
8.0
9.0
9.0
7.0
7.0
8.0
9.0
14.0
11.0
9.0
12.0
9.0
13.0
8.0
6.0
10.0
13.0
8.0
12.0
6.0
9.0
11.0
16.0
9.0
11.0
9.0
3.0
9.0
13.0
9.0
10.0
7.0
13.0
12.0
4.0
10.0
11.0
12.0
12.0
13.0
9.0
12.0
9.0
13.0
7.0
12.0
9.0
9.0
10.0
14.0
8.0
7.0
6.0
8.0
8.0
10.0
10.0
5.0
6.0
7.0
8.0
10.0
8.0
8.0
6.0
2.0
10.0
8.0
9.0
6.0
9.0
5.0
13.0
10.0
1.0
8.0
10.0
4.0
8.0
7.0
12.0
8.0
3.0
6.0
0.0
10.0
6.0
7.0
9.0
8.0
8.0
11.0
10.0
8.0
10.0
9.0
9.0
5.0
9.0
15.0
6.0
6.0
8.0
9.0
8.0
2.0
5.0
12.0
11.0
11.0
9.0
10.0
12.0
8.0
6.0
8.0
12.0
5.0
14.0
8.0
8.0
9.0
4.0
8.0
10.0
4.0
8.0
12.0
10.0
8.0
8.0
10.0
7.0
7.0
7.0
8.0
6.0
10.0
10.0
13.0
8.0
9.0
6.0
6.0
14.0
8.0
5.0
7.0
9.0
9.0
10.0
8.0
9.0
10.0
9.0
8.0
8.0
6.0
4.0
5.0
4.0
11.0
8.0
6.0
7.0
8.0
6.0
8.0
7.0
12.0
5.0
8.0
7.0
6.0
9.0
7.0
10.0
6.0
10.0
5.0
8.0
6.0
7.0
8.0
8.0
5.0
6.0
4.0
11.0
8.0
13.0
7.0
4.0
10.0
10.0
4.0
8.0
5.0
8.0
5.0
8.0
4.0
8.0
8.0
8.0
12.0
5.0
6.0
9.0
9.0
9.0
8.0
12.0
9.0
8.0
13.0
8.0
8.0
11.0
10.0
6.0
7.0
9.0
7.0
9.0
4.0
10.0
8.0
9.0
7.0
3.0
8.0
8.0
13.0
6.0
8.0
10.0
7.0
7.0
5.0
4.0
8.0
10.0
8.0
5.0
8.0
8.0
4.0
9.0
2.0
8.0
11.0
7.0
8.0
11.0
7.0
7.0
9.0
6.0
8.0
8.0
8.0
8.0
8.0
7.0
8.0
6.0
3.0
9.0
11.0
7.0
10.0
3.0
-1.0
8.0
12.0
4.0
8.0
12.0
6.0
8.0
14.0
8.0
8.0
7.0
6.0
7.0
7.0
12.0
4.0
8.0
10.0
7.0
4.0
10.0
7.0
11.0
8.0
8.0
6.0
2.0
8.0
7.0
11.0
7.0
8.0
8.0
4.0
8.0
6.0
8.0
9.0
13.0
14.0
14.0
6.0
10.0
7.0
8.0
8.0
5.0
8.0
12.0
8.0
4.0
7.0
11.0
10.0
11.0
10.0
7.0
5.0
8.0
9.0
9.0
8.0
5.0
10.0
9.0
8.0
13.0
8.0
6.0
11.0
10.0
12.0
10.0
8.0
8.0
12.0
7.0
8.0
8.0
9.0
8.0
8.0
10.0
14.0
7.0
6.0
10.0
11.0
11.0
6.0
12.0
7.0
7.0
8.0
13.0
7.0
9.0
9.0
8.0
5.0
10.0
7.0
9.0
11.0
8.0
7.0
4.0
8.0
4.0
8.0
5.0
10.0
5.0
9.0
8.0
8.0
9.0
5.0
6.0
8.0
17.0
8.0
8.0
6.0
7.0
8.0
6.0
5.0
8.0
5.0
10.0
3.0
12.0
5.0
11.0
7.0
2.0
7.0
9.0
3.0
5.0
0.0
8.0
8.0
7.0
7.0
7.0
4.0
8.0
5.0
4.0
10.0
9.0
8.0
8.0
6.0
7.0
7.0
3.0
6.0
6.0
7.0
6.0
7.0
7.0
8.0
8.0
2.0
6.0
7.0
7.0
7.0
6.0
11.0
5.0
9.0
7.0
3.0
9.0
11.0
6.0
8.0
11.0
8.0
4.0
4.0
6.0
9.0
13.0
6.0
12.0
7.0
6.0
7.0
8.0
10.0
7.0
10.0
7.0
5.0
6.0
11.0
8.0
9.0
6.0
6.0
7.0
6.0
7.0
3.0
5.0
9.0
8.0
8.0
9.0
9.0
7.0
8.0
4.0
9.0
7.0
2.0
6.0
11.0
6.0
11.0
12.0
2.0
7.0
4.0
7.0
7.0
7.0
6.0
8.0
6.0
7.0
6.0
9.0
7.0
3.0
7.0
8.0
8.0
5.0
9.0
7.0
7.0
7.0
7.0
7.0
9.0
8.0
5.0
13.0
7.0
7.0
10.0
10.0
7.0
4.0
2.0
10.0
7.0
6.0
5.0
6.0
9.0
11.0
6.0
4.0
7.0
4.0
11.0
6.0
5.0
5.0
4.0
7.0
10.0
7.0
7.0
5.0
5.0
6.0
3.0
7.0
7.0
9.0
5.0
5.0
7.0
4.0
8.0
3.0
7.0
7.0
4.0
7.0
4.0
5.0
7.0
4.0
7.0
6.0
10.0
11.0
12.0
7.0
8.0
9.0
8.0
6.0
11.0
7.0
11.0
3.0
7.0
6.0
7.0
9.0
6.0
5.0
5.0
4.0
7.0
7.0
7.0
7.0
7.0
8.0
10.0
2.0
3.0
5.0
10.0
7.0
5.0
3.0
9.0
7.0
7.0
4.0
7.0
6.0
1.0
14.0
10.0
7.0
8.0
7.0
7.0
7.0
7.0
2.0
-1.0
6.0
5.0
5.0
8.0
7.0
8.0
11.0
7.0
4.0
10.0
3.0
7.0
8.0
6.0
9.0
7.0
7.0
4.0
8.0
10.0
6.0
9.0
7.0
10.0
5.0
5.0
7.0
3.0
7.0
4.0
3.0
7.0
9.0
12.0
8.0
5.0
7.0
7.0
7.0
2.0
7.0
5.0
8.0
8.0
8.0
7.0
10.0
3.0
9.0
7.0
5.0
9.0
4.0
6.0
9.0
3.0
11.0
5.0
10.0
9.0
10.0
5.0
3.0
3.0
9.0
6.0
5.0
8.0
3.0
7.0
7.0
10.0
9.0
5.0
8.0
7.0
6.0
7.0
6.0
5.0
9.0
12.0
6.0
4.0
5.0
9.0
10.0
8.0
6.0
10.0
7.0
7.0
4.0
6.0
9.0
3.0
13.0
8.0
8.0
8.0
7.0
7.0
6.0
13.0
7.0
5.0
7.0
7.0
8.0
8.0
7.0
8.0
10.0
6.0
8.0
6.0
10.0
9.0
7.0
10.0
5.0
8.0
9.0
7.0
7.0
11.0
6.0
7.0
7.0
7.0
7.0
7.0
2.0
9.0
10.0
7.0
7.0
8.0
3.0
6.0
7.0
7.0
9.0
7.0
7.0
6.0
4.0
3.0
11.0
7.0
6.0
10.0
2.0
5.0
6.0
8.0
9.0
7.0
6.0
8.0
7.0
6.0
7.0
7.0
5.0
7.0
6.0
9.0
7.0
9.0
7.0
11.0
4.0
10.0
3.0
13.0
9.0
2.0
11.0
8.0
10.0
10.0
8.0
6.0
8.0
8.0
2.0
4.0
7.0
7.0
6.0
10.0
9.0
7.0
6.0
10.0
12.0
12.0
7.0
9.0
7.0
5.0
7.0
11.0
8.0
7.0
4.0
7.0
7.0
5.0
8.0
10.0
7.0
3.0
7.0
4.0
7.0
7.0
11.0
11.0
5.0
8.0
7.0
8.0
8.0
7.0
8.0
5.0
7.0
9.0
7.0
8.0
8.0
7.0
5.0
6.0
8.0
10.0
7.0
7.0
5.0
5.0
1.0
6.0
7.0
3.0
8.0
7.0
4.0
4.0
6.0
7.0
10.0
7.0
6.0
8.0
7.0
5.0
7.0
7.0
3.0
6.0
7.0
8.0
7.0
5.0
5.0
3.0
7.0
7.0
9.0
6.0
7.0
4.0
5.0
8.0
4.0
7.0
6.0
7.0
8.0
4.0
7.0
8.0
8.0
7.0
6.0
8.0
9.0
4.0
8.0
6.0
8.0
1.0
8.0
10.0
8.0
6.0
4.0
8.0
5.0
8.0
7.0
9.0
5.0
0.0
6.0
3.0
5.0
8.0
6.0
9.0
9.0
7.0
6.0
6.0
6.0
7.0
6.0
8.0
3.0
7.0
7.0
6.0
8.0
6.0
-2.0
7.0
3.0
8.0
5.0
8.0
4.0
8.0
6.0
8.0
9.0
3.0
6.0
1.0
4.0
9.0
5.0
5.0
7.0
6.0
7.0
7.0
2.0
8.0
3.0
6.0
6.0
11.0
3.0
6.0
7.0
6.0
9.0
9.0
6.0
2.0
3.0
1.0
8.0
6.0
5.0
5.0
4.0
4.0
6.0
6.0
5.0
2.0
8.0
8.0
2.0
5.0
6.0
9.0
11.0
9.0
6.0
4.0
5.0
6.0
6.0
6.0
9.0
4.0
6.0
7.0
3.0
5.0
6.0
7.0
6.0
4.0
4.0
6.0
3.0
4.0
6.0
6.0
4.0
8.0
9.0
6.0
6.0
8.0
9.0
6.0
9.0
3.0
7.0
3.0
6.0
7.0
7.0
5.0
4.0
3.0
4.0
5.0
5.0
6.0
6.0
6.0
5.0
4.0
6.0
6.0
8.0
8.0
7.0
7.0
9.0
8.0
7.0
6.0
5.0
2.0
5.0
8.0
6.0
0.0
6.0
7.0
5.0
7.0
7.0
6.0
5.0
8.0
5.0
8.0
7.0
5.0
6.0
6.0
7.0
6.0
6.0
6.0
6.0
1.0
5.0
9.0
2.0
9.0
8.0
7.0
12.0
6.0
5.0
5.0
2.0
5.0
7.0
6.0
7.0
7.0
6.0
9.0
5.0
9.0
6.0
3.0
9.0
5.0
6.0
4.0
9.0
9.0
9.0
9.0
6.0
3.0
4.0
0.0
8.0
9.0
4.0
9.0
5.0
8.0
3.0
6.0
5.0
8.0
2.0
6.0
10.0
4.0
3.0
1.0
4.0
11.0
13.0
6.0
4.0
6.0
6.0
7.0
5.0
6.0
4.0
5.0
6.0
4.0
6.0
9.0
2.0
6.0
6.0
6.0
6.0
3.0
8.0
10.0
7.0
7.0
6.0
7.0
6.0
4.0
6.0
7.0
5.0
6.0
6.0
6.0
5.0
9.0
8.0
6.0
6.0
6.0
5.0
6.0
5.0
6.0
5.0
8.0
6.0
1.0
6.0
9.0
6.0
3.0
4.0
4.0
4.0
6.0
5.0
8.0
7.0
4.0
9.0
2.0
5.0
5.0
3.0
8.0
7.0
4.0
6.0
1.0
6.0
11.0
1.0
6.0
4.0
1.0
-1.0
6.0
9.0
6.0
9.0
6.0
8.0
4.0
8.0
6.0
7.0
6.0
12.0
5.0
8.0
11.0
9.0
7.0
6.0
6.0
6.0
6.0
6.0
8.0
6.0
4.0
9.0
11.0
6.0
11.0
4.0
6.0
4.0
5.0
7.0
6.0
6.0
6.0
4.0
5.0
1.0
5.0
9.0
6.0
5.0
5.0
3.0
6.0
5.0
6.0
4.0
5.0
6.0
9.0
5.0
6.0
1.0
4.0
5.0
5.0
8.0
6.0
4.0
7.0
3.0
6.0
3.0
7.0
6.0
5.0
5.0
7.0
5.0
7.0
6.0
5.0
3.0
7.0
2.0
6.0
3.0
4.0
5.0
6.0
5.0
7.0
6.0
3.0
8.0
5.0
6.0
6.0
6.0
6.0
4.0
9.0
6.0
3.0
7.0
11.0
6.0
7.0
6.0
6.0
4.0
6.0
6.0
9.0
6.0
7.0
8.0
5.0
7.0
6.0
7.0
8.0
6.0
4.0
8.0
3.0
4.0
6.0
6.0
6.0
6.0
10.0
6.0
7.0
8.0
7.0
8.0
6.0
4.0
5.0
6.0
4.0
7.0
6.0
3.0
4.0
7.0
1.0
8.0
12.0
9.0
9.0
2.0
8.0
3.0
7.0
6.0
6.0
1.0
6.0
8.0
10.0
5.0
4.0
8.0
6.0
2.0
5.0
4.0
8.0
3.0
10.0
7.0
7.0
9.0
4.0
5.0
7.0
11.0
8.0
7.0
3.0
8.0
5.0
1.0
9.0
6.0
4.0
10.0
4.0
6.0
7.0
2.0
8.0
7.0
7.0
4.0
7.0
4.0
6.0
5.0
8.0
8.0
6.0
5.0
6.0
7.0
7.0
9.0
5.0
6.0
3.0
6.0
6.0
7.0
8.0
6.0
3.0
9.0
6.0
4.0
3.0
9.0
6.0
5.0
10.0
5.0
4.0
5.0
8.0
7.0
5.0
3.0
3.0
5.0
-1.0
7.0
4.0
9.0
6.0
5.0
8.0
1.0
6.0
6.0
6.0
8.0
7.0
6.0
3.0
9.0
2.0
4.0
6.0
6.0
6.0
2.0
5.0
6.0
7.0
5.0
1.0
8.0
6.0
6.0
7.0
10.0
9.0
3.0
6.0
5.0
6.0
2.0
6.0
5.0
-2.0
6.0
8.0
5.0
4.0
5.0
5.0
8.0
9.0
6.0
6.0
8.0
6.0
10.0
6.0
3.0
4.0
4.0
6.0
7.0
7.0
3.0
6.0
8.0
4.0
4.0
5.0
7.0
7.0
2.0
5.0
6.0
9.0
10.0
6.0
9.0
5.0
10.0
4.0
6.0
8.0
6.0
6.0
3.0
5.0
6.0
6.0
6.0
4.0
9.0
9.0
4.0
5.0
8.0
5.0
8.0
5.0
6.0
7.0
6.0
7.0
7.0
6.0
5.0
5.0
8.0
6.0
5.0
6.0
9.0
3.0
4.0
9.0
2.0
6.0
10.0
4.0
6.0
11.0
10.0
4.0
2.0
6.0
6.0
4.0
10.0
1.0
8.0
4.0
7.0
6.0
4.0
2.0
1.0
8.0
4.0
6.0
10.0
7.0
6.0
7.0
7.0
6.0
4.0
6.0
6.0
9.0
1.0
6.0
7.0
4.0
8.0
4.0
7.0
6.0
2.0
5.0
6.0
7.0
8.0
1.0
7.0
8.0
6.0
5.0
9.0
6.0
4.0
0.0
4.0
7.0
5.0
10.0
4.0
5.0
5.0
7.0
2.0
5.0
3.0
5.0
3.0
4.0
5.0
7.0
7.0
10.0
7.0
2.0
12.0
6.0
4.0
6.0
4.0
6.0
9.0
5.0
3.0
6.0
5.0
8.0
7.0
11.0
7.0
7.0
3.0
5.0
5.0
4.0
4.0
8.0
4.0
9.0
6.0
9.0
5.0
7.0
2.0
7.0
5.0
6.0
2.0
6.0
5.0
8.0
5.0
6.0
9.0
10.0
6.0
6.0
6.0
7.0
6.0
6.0
6.0
6.0
6.0
7.0
5.0
5.0
6.0
6.0
4.0
6.0
3.0
3.0
5.0
7.0
4.0
3.0
6.0
12.0
1.0
6.0
11.0
6.0
5.0
6.0
8.0
5.0
7.0
7.0
7.0
2.0
9.0
7.0
5.0
11.0
7.0
7.0
5.0
6.0
3.0
12.0
4.0
4.0
6.0
7.0
2.0
8.0
6.0
4.0
3.0
3.0
8.0
4.0
6.0
8.0
5.0
3.0
6.0
4.0
5.0
7.0
7.0
7.0
5.0
5.0
8.0
6.0
6.0
7.0
7.0
9.0
5.0
6.0
6.0
1.0
3.0
7.0
6.0
6.0
5.0
6.0
6.0
8.0
5.0
5.0
9.0
6.0
3.0
9.0
7.0
3.0
11.0
9.0
6.0
6.0
2.0
8.0
5.0
6.0
6.0
6.0
7.0
8.0
6.0
6.0
5.0
4.0
8.0
4.0
1.0
5.0
6.0
8.0
6.0
1.0
7.0
9.0
6.0
5.0
8.0
6.0
8.0
6.0
4.0
7.0
5.0
6.0
6.0
4.0
6.0
1.0
6.0
7.0
2.0
3.0
6.0
7.0
6.0
6.0
9.0
4.0
6.0
5.0
6.0
10.0
6.0
4.0
9.0
8.0
5.0
10.0
5.0
1.0
4.0
5.0
6.0
4.0
6.0
3.0
7.0
6.0
10.0
9.0
5.0
6.0
7.0
4.0
6.0
5.0
6.0
9.0
5.0
7.0
6.0
7.0
4.0
6.0
3.0
7.0
9.0
3.0
3.0
5.0
6.0
4.0
5.0
8.0
7.0
5.0
5.0
5.0
5.0
1.0
5.0
6.0
1.0
5.0
5.0
1.0
7.0
6.0
8.0
3.0
2.0
6.0
10.0
6.0
5.0
3.0
8.0
6.0
4.0
2.0
8.0
10.0
6.0
2.0
5.0
9.0
7.0
4.0
8.0
5.0
8.0
3.0
4.0
5.0
5.0
5.0
3.0
4.0
3.0
5.0
5.0
4.0
5.0
3.0
3.0
4.0
5.0
5.0
6.0
1.0
5.0
5.0
7.0
5.0
6.0
1.0
4.0
6.0
3.0
4.0
5.0
5.0
7.0
5.0
10.0
5.0
6.0
6.0
5.0
8.0
4.0
6.0
5.0
1.0
9.0
6.0
5.0
3.0
5.0
8.0
2.0
6.0
3.0
7.0
4.0
7.0
8.0
5.0
3.0
1.0
6.0
4.0
6.0
5.0
5.0
5.0
6.0
5.0
7.0
5.0
3.0
9.0
4.0
5.0
7.0
4.0
9.0
6.0
9.0
1.0
6.0
2.0
5.0
8.0
6.0
3.0
4.0
9.0
7.0
5.0
6.0
3.0
5.0
3.0
1.0
9.0
7.0
5.0
7.0
5.0
5.0
5.0
2.0
5.0
2.0
5.0
3.0
0.0
5.0
4.0
8.0
5.0
5.0
2.0
3.0
5.0
3.0
3.0
5.0
3.0
8.0
9.0
7.0
5.0
1.0
5.0
5.0
6.0
8.0
7.0
5.0
5.0
1.0
7.0
1.0
5.0
4.0
0.0
5.0
3.0
5.0
4.0
5.0
7.0
5.0
5.0
5.0
6.0
5.0
5.0
5.0
4.0
5.0
6.0
6.0
0.0
2.0
2.0
8.0
9.0
5.0
4.0
5.0
5.0
3.0
7.0
0.0
2.0
10.0
4.0
5.0
5.0
5.0
5.0
1.0
4.0
3.0
5.0
5.0
5.0
3.0
3.0
5.0
3.0
5.0
5.0
4.0
5.0
1.0
6.0
5.0
5.0
5.0
5.0
5.0
10.0
6.0
6.0
5.0
6.0
7.0
1.0
4.0
9.0
9.0
5.0
4.0
5.0
6.0
10.0
3.0
5.0
5.0
2.0
4.0
5.0
7.0
9.0
5.0
5.0
7.0
2.0
5.0
4.0
5.0
5.0
6.0
5.0
5.0
8.0
6.0
9.0
8.0
2.0
5.0
2.0
3.0
4.0
6.0
6.0
5.0
5.0
7.0
4.0
6.0
6.0
5.0
7.0
3.0
5.0
5.0
6.0
0.0
5.0
3.0
3.0
5.0
6.0
7.0
5.0
2.0
2.0
8.0
3.0
6.0
10.0
5.0
5.0
3.0
6.0
6.0
6.0
5.0
5.0
4.0
4.0
5.0
6.0
-1.0
5.0
6.0
3.0
6.0
3.0
3.0
7.0
4.0
6.0
5.0
4.0
5.0
5.0
5.0
5.0
6.0
5.0
7.0
5.0
4.0
6.0
3.0
5.0
2.0
5.0
5.0
5.0
5.0
8.0
11.0
6.0
6.0
5.0
8.0
5.0
6.0
2.0
4.0
5.0
5.0
5.0
3.0
5.0
6.0
3.0
2.0
5.0
4.0
6.0
9.0
3.0
7.0
3.0
3.0
0.0
8.0
5.0
5.0
9.0
3.0
7.0
5.0
5.0
4.0
5.0
7.0
6.0
5.0
2.0
4.0
5.0
5.0
4.0
5.0
5.0
5.0
6.0
5.0
6.0
5.0
6.0
5.0
7.0
5.0
7.0
5.0
5.0
3.0
10.0
5.0
5.0
6.0
5.0
5.0
8.0
7.0
3.0
6.0
6.0
5.0
2.0
3.0
5.0
6.0
6.0
6.0
3.0
6.0
6.0
5.0
12.0
3.0
8.0
5.0
5.0
5.0
7.0
5.0
1.0
6.0
5.0
3.0
7.0
8.0
5.0
5.0
5.0
4.0
5.0
5.0
8.0
3.0
4.0
8.0
5.0
5.0
4.0
5.0
5.0
6.0
5.0
5.0
1.0
5.0
5.0
5.0
4.0
3.0
6.0
4.0
5.0
6.0
2.0
8.0
8.0
2.0
3.0
6.0
2.0
7.0
5.0
4.0
1.0
6.0
2.0
6.0
5.0
7.0
2.0
5.0
6.0
7.0
4.0
6.0
7.0
5.0
4.0
7.0
5.0
7.0
9.0
7.0
5.0
4.0
4.0
7.0
7.0
5.0
5.0
1.0
6.0
3.0
3.0
4.0
4.0
4.0
2.0
2.0
5.0
6.0
7.0
5.0
8.0
4.0
6.0
6.0
7.0
8.0
9.0
5.0
5.0
4.0
5.0
4.0
5.0
9.0
3.0
4.0
7.0
1.0
5.0
3.0
6.0
5.0
8.0
7.0
2.0
5.0
4.0
4.0
5.0
3.0
8.0
3.0
8.0
5.0
5.0
6.0
6.0
5.0
7.0
3.0
0.0
4.0
4.0
3.0
10.0
5.0
2.0
3.0
8.0
4.0
7.0
6.0
6.0
6.0
2.0
3.0
10.0
7.0
0.0
6.0
6.0
7.0
4.0
6.0
5.0
5.0
9.0
3.0
0.0
5.0
5.0
6.0
7.0
5.0
6.0
3.0
5.0
5.0
4.0
1.0
5.0
4.0
1.0
2.0
7.0
3.0
7.0
3.0
5.0
6.0
5.0
5.0
7.0
5.0
5.0
5.0
5.0
9.0
5.0
2.0
5.0
3.0
5.0
2.0
10.0
4.0
6.0
2.0
8.0
6.0
5.0
5.0
5.0
5.0
6.0
5.0
3.0
8.0
5.0
5.0
3.0
4.0
5.0
5.0
5.0
7.0
5.0
1.0
1.0
5.0
7.0
5.0
5.0
5.0
2.0
5.0
6.0
3.0
2.0
8.0
6.0
3.0
4.0
4.0
5.0
2.0
6.0
2.0
8.0
5.0
5.0
8.0
4.0
4.0
5.0
2.0
7.0
6.0
4.0
-1.0
1.0
7.0
3.0
9.0
-1.0
5.0
5.0
5.0
6.0
6.0
3.0
0.0
9.0
5.0
5.0
4.0
5.0
4.0
5.0
5.0
2.0
5.0
4.0
5.0
4.0
4.0
4.0
5.0
6.0
5.0
5.0
3.0
5.0
7.0
0.0
2.0
7.0
5.0
4.0
9.0
5.0
2.0
5.0
3.0
4.0
6.0
4.0
4.0
6.0
6.0
7.0
6.0
2.0
6.0
5.0
5.0
5.0
3.0
4.0
1.0
8.0
1.0
4.0
5.0
4.0
7.0
7.0
7.0
5.0
4.0
3.0
5.0
7.0
6.0
3.0
3.0
7.0
5.0
6.0
6.0
5.0
7.0
5.0
9.0
6.0